direct,indirect,issuer_cik,issuer_name,isDirector,isOfficer,isTenPercentOwner,isOther,date,name,accession,officerTitle,predicted_gender,total_stock
768200.0,,1320414,select medical holdings corp,0,1,0,0.0,20100428,rice patricia a,120919110024046,President and COO,female,
5000.0,,1320414,select medical holdings corp,1,0,0,0.0,20100813,ely james s. iii,120919110042596,,male,
151308.0,,1320414,select medical holdings corp,1,0,0,0.0,20100813,swergold leopold,120919110042601,,male,
10000.0,,1320414,select medical holdings corp,1,0,0,0.0,20100813,frist william h.,120919110042597,,male,
41577.0,,1320414,select medical holdings corp,1,0,0,0.0,20100813,dalton james e jr,120919110042599,,male,
303311.0,,1320414,select medical holdings corp,1,0,1,0,20100816,cressey bryan c,90445410000263,,male,
1014631.0,,1320414,select medical holdings corp,0,1,0,0.0,20100914,chernow david s,120919110046095,President,male,
162490.0,,1320414,select medical holdings corp,0,1,0,0.0,20101112,romberger scott a,120919110054500,Senior Vice President,male,
95000.0,,1320414,select medical holdings corp,0,1,0,0.0,20101217,saich john a.,120919110061339,Executive Vice President,male,
974304.0,768200.0,1320414,select medical holdings corp,0,1,0,0.0,20110510,rice patricia a,120919111027139,President and COO,female,154519025.0
156308.0,,1320414,select medical holdings corp,1,0,0,0.0,20110805,swergold leopold,120919111042593,,male,154151566.0
15000.0,,1320414,select medical holdings corp,1,0,0,0.0,20110805,frist william h.,120919111042591,,male,154151566.0
10000.0,,1320414,select medical holdings corp,1,0,0,0.0,20110805,ely james s. iii,120919111042590,,male,154151566.0
46577.0,,1320414,select medical holdings corp,1,0,0,0.0,20110805,dalton james e jr,120919111042589,,male,154151566.0
308311.0,,1320414,select medical holdings corp,1,0,1,0,20110805,cressey bryan c,90445411000428,,male,154151566.0
187490.0,,1320414,select medical holdings corp,0,1,0,0.0,20111107,romberger scott a,120919111054694,Senior Vice President,male,148108130.0
668200.0,,1320414,select medical holdings corp,0,1,0,0.0,20111108,rice patricia a,120919111054965,President and COO,female,148108130.0
1296660.0,10536.0,1320414,select medical holdings corp,0,1,0,0.0,20111216,jackson martin f,120919111061755,Executive Vice President,male,148108130.0
140902.0,10045266.0,1320414,select medical holdings corp,1,1,0,0.0,20111216,ortenzio rocco a,120919111061759,Executive Chairman,male,148108130.0
148288.0,,1320414,select medical holdings corp,0,1,0,0.0,20111216,saich john a.,120919111061764,Executive Vice President,male,148108130.0
445898.0,,1320414,select medical holdings corp,0,1,0,0.0,20111216,talalai james j,120919111061767,Executive Vice President,male,148108130.0
332970.0,32916.0,1320414,select medical holdings corp,0,1,0,0.0,20111216,tarvin michael e,120919111061770,Executive Vice President,male,148108130.0
8574931.0,5850000.0,1320414,select medical holdings corp,1,1,0,0.0,20111216,ortenzio robert a,120919111061774,Chief Executive Officer,male,148108130.0
45000.0,1242504.0,1320414,select medical holdings corp,0,1,0,0.0,20111216,rice patricia a,120919111061779,President,female,148108130.0
145228.0,,1320414,select medical holdings corp,0,1,0,0.0,20111219,saich john a.,120919111062045,Executive Vice President,male,148108130.0
620200.0,,1320414,select medical holdings corp,0,1,0,0.0,20111223,rice patricia a,120919111063027,President,female,148108130.0
319504.0,,1320414,select medical holdings corp,0,1,0,0.0,20120228,rice patricia a,120919112013517,President,female,145268190.0
192504.0,,1320414,select medical holdings corp,0,1,0,0,20120427,rice patricia a,117911012007257,President,female,142158133.0
258170.0,,1320414,select medical holdings corp,0,1,0,0,20120611,tarvin michael e,117911012009945,Executive Vice President,male,141056662.0
232970.0,,1320414,select medical holdings corp,0,1,0,0,20120619,tarvin michael e,117911012010553,Executive Vice President,male,141056662.0
345898.0,,1320414,select medical holdings corp,0,1,0,0,20120703,talalai james j,117911012011093,Executive Vice President,male,139863119.0
6463.0,,1320414,select medical holdings corp,0,1,0,0,20120703,breighner robert g. jr,117911012011047,"Vice President, Compliance",male,139863119.0
245898.0,,1320414,select medical holdings corp,0,1,0,0,20120716,talalai james j,117911012011547,"EVP, Chief Operating Officer",male,139863119.0
132970.0,,1320414,select medical holdings corp,0,1,0,0,20120724,tarvin michael e,117911012011743,Executive Vice President,male,139863119.0
17500.0,,1320414,select medical holdings corp,1,0,0,0,20120808,ely james s. iii,117911012012545,,male,139866719.0
54077.0,,1320414,select medical holdings corp,1,0,0,0,20120808,dalton james e jr,117911012012544,,male,139866719.0
22500.0,,1320414,select medical holdings corp,1,0,0,0,20120808,frist william h.,117911012012546,,male,139866719.0
163808.0,,1320414,select medical holdings corp,1,0,0,0,20120808,swergold leopold,117911012012547,,male,139866719.0
3850.0,,1320414,select medical holdings corp,0,0,1,0,20120809,lee eric j.,90445412000417,,male,139866719.0
141069.0,10045266.0,1320414,select medical holdings corp,1,1,0,0,20120809,ortenzio rocco a,117911012012620,Executive Chairman,male,139866719.0
8575015.0,5850000.0,1320414,select medical holdings corp,1,1,0,0,20120809,ortenzio robert a,117911012012621,Chief Executive Officer,male,139866719.0
4433.0,,1320414,select medical holdings corp,0,0,1,0,20120809,traynor sean,90445412000409,,male,139866719.0
14546.0,,1320414,select medical holdings corp,0,0,1,0,20120809,clark john d,90445412000407,,male,139866719.0
216.0,,1320414,select medical holdings corp,0,0,1,0,20120809,denicola anthony j,90445412000415,,male,139866719.0
831.0,,1320414,select medical holdings corp,0,0,1,0,20120809,donovan michael,90445412000405,,male,139866719.0
11.0,,1320414,select medical holdings corp,0,0,1,0,20120809,ecock anthony f,90445412000403,,male,139866719.0
11033.0,,1320414,select medical holdings corp,0,0,1,0,20120809,wcas management corp,90445412000395,,male,139866719.0
315811.0,,1320414,select medical holdings corp,1,0,1,0,20120809,cressey bryan c,117911012012615,,male,139866719.0
2436140.0,,1320414,select medical holdings corp,0,0,1,0,20120809,"wcas capital partners iv, l.p.",90445412000393,,male,139866719.0
54364604.0,,1320414,select medical holdings corp,0,0,1,0,20120809,welsh carson anderson & stowe ix lp,90445412000391,,male,139866719.0
334886.0,,1320414,select medical holdings corp,0,0,1,0,20120809,welsh patrick j,90445412000431,,male,139866719.0
14546.0,,1320414,select medical holdings corp,0,0,1,0,20120809,swani sanjay,90445412000429,,male,139866719.0
115115.0,,1320414,select medical holdings corp,0,0,1,0,20120809,quaelly paul b,90445412000427,,male,139866719.0
239655.0,,1320414,select medical holdings corp,0,0,1,0,20120809,minicucci robert a,90445412000425,,male,139866719.0
14546.0,,1320414,select medical holdings corp,0,0,1,0,20120809,mackesy d scott,90445412000423,,male,139866719.0
2135501.0,,1320414,select medical holdings corp,1,0,1,0,20120809,carson russell l,90445412000421,,male,139866719.0
1781926.0,,1320414,select medical holdings corp,0,0,1,0,20120809,anderson bruce k,90445412000419,,male,139866719.0
11033.0,,1320414,select medical holdings corp,0,0,1,0,20120809,rather jonathan m,90445412000413,,male,139866719.0
52077.0,,1320414,select medical holdings corp,1,0,1,0,20120809,scully thomas,90445412000411,,male,139866719.0
43077.0,,1320414,select medical holdings corp,1,0,1,0,20120813,scully thomas,90445412000443,,male,139866719.0
2947.0,,1320414,select medical holdings corp,0,0,1,0,20120813,regan brian thomas,90445412000439,,male,139866719.0
12750129.0,,1320414,select medical holdings corp,1,0,0.0,0.0,20120816,cressey bryan c,110465912058543,,male,139866719.0
12498501.0,,1320414,select medical holdings corp,1,0,0.0,0.0,20120821,cressey bryan c,110465912059363,,male,139866719.0
13005.0,,1320414,select medical holdings corp,0,0,1,0,20120824,scully thomas,90445412000495,,male,139866719.0
1000000.0,,1320414,select medical holdings corp,0,1,0,0,20120824,chernow david s,117911012013305,President,male,139866719.0
12420695.0,,1320414,select medical holdings corp,1,0,0.0,0.0,20120824,cressey bryan c,110465912060078,,male,139866719.0
13005.0,,1320414,select medical holdings corp,0,0,1,0,20120828,swani sanjay,90445412000497,,male,139866719.0
12368057.0,,1320414,select medical holdings corp,1,0,0.0,0.0,20120829,cressey bryan c,110465912060717,,male,139866719.0
12295694.0,,1320414,select medical holdings corp,1,0,0.0,0.0,20120904,cressey bryan c,110465912061474,,male,139866719.0
12152334.0,,1320414,select medical holdings corp,1,0,0.0,0.0,20120907,cressey bryan c,110465912062344,,male,139866719.0
1000000.0,,1320414,select medical holdings corp,0,1,0,0,20120911,chernow david s,117911012013850,President,male,139866719.0
12070811.0,,1320414,select medical holdings corp,1,0,0.0,0.0,20120912,cressey bryan c,110465912063152,,male,139866719.0
5000.0,,1320414,select medical holdings corp,0,1,0,0,20120913,breighner robert g. jr,117911012013986,"Vice President, Compliance",male,139866719.0
11857932.0,,1320414,select medical holdings corp,1,0,0.0,0.0,20120917,cressey bryan c,110465912063860,,male,139866719.0
0.0,45000.0,1320414,select medical holdings corp,0,1,0,0,20120921,rice patricia a,117911012014372,President,female,139866719.0
180228.0,,1320414,select medical holdings corp,0,1,0,0,20121030,saich john a.,117911012015479,Executive Vice President,male,139991156.0
191069.0,10045266.0,1320414,select medical holdings corp,1,1,0,0,20121030,ortenzio rocco a,117911012015473,Executive Chairman,male,139991156.0
8675015.0,5850000.0,1320414,select medical holdings corp,1,1,0,0,20121030,ortenzio robert a,117911012015474,Chief Executive Officer,male,139991156.0
45000.0,45000.0,1320414,select medical holdings corp,0,1,0,0,20121030,rice patricia a,117911012015475,President,female,139991156.0
295898.0,,1320414,select medical holdings corp,0,1,0,0,20121030,talalai james j,117911012015476,"EVP, Chief Operating Officer",male,139991156.0
167970.0,,1320414,select medical holdings corp,0,1,0,0,20121030,tarvin michael e,117911012015478,Executive Vice President,male,139991156.0
212490.0,,1320414,select medical holdings corp,0,1,0,0,20121030,romberger scott a,117911012015480,Senior Vice President,male,139991156.0
1331660.0,10536.0,1320414,select medical holdings corp,0,1,0,0,20121030,jackson martin f,117911012015477,Executive Vice President,male,139991156.0
168658.0,,1320414,select medical holdings corp,1,0,0,0,20121129,swergold leopold,117911012016600,,male,140520316.0
191236.0,10045266.0,1320414,select medical holdings corp,1,1,0,0,20121218,ortenzio rocco a,117911012017866,Executive Chairman,male,140520316.0
11428.0,,1320414,select medical holdings corp,0,0,1,0,20121218,wcas management corp,90445412000648,,male,140520316.0
2221694.0,,1320414,select medical holdings corp,0,0,1,0,20121218,"wcas capital partners iv, l.p.",90445412000650,,male,140520316.0
49579050.0,,1320414,select medical holdings corp,0,0,1,0,20121218,welsh carson anderson & stowe ix lp,90445412000652,,male,140520316.0
8475099.0,3750000.0,1320414,select medical holdings corp,1,1,0,0,20121218,ortenzio robert a,117911012017865,Chief Executive Officer,male,140520316.0
9813.0,,1320414,select medical holdings corp,0,0,1,0,20121219,traynor sean,90445412000655,,male,140520316.0
210490.0,,1320414,select medical holdings corp,0,1,0,0,20121219,romberger scott a,117911012017946,Senior Vice President,male,140520316.0
379675.0,,1320414,select medical holdings corp,0,0,1,0,20121219,welsh patrick j,90445412000686,,male,140520316.0
2221694.0,,1320414,select medical holdings corp,0,0,1,0,20121219,quaelly paul b,90445412000684,,male,140520316.0
2968.0,,1320414,select medical holdings corp,0,0,1,0,20121219,regan brian thomas,90445412000680,,male,140520316.0
22.0,,1320414,select medical holdings corp,0,0,1,0,20121219,ecock anthony f,90445412000678,,male,140520316.0
284996.0,,1320414,select medical holdings corp,0,0,1,0,20121219,minicucci robert a,90445412000677,,male,140520316.0
43131.0,,1320414,select medical holdings corp,1,0,1,0,20121219,scully thomas,90445412000674,,male,140520316.0
1432.0,,1320414,select medical holdings corp,0,0,1,0,20121219,donovan michael,90445412000673,,male,140520316.0
417.0,,1320414,select medical holdings corp,0,0,1,0,20121219,denicola anthony j,90445412000682,,male,140520316.0
11428.0,,1320414,select medical holdings corp,0,0,1,0,20121219,rather jonathan m,90445412000668,,male,140520316.0
2181011.0,,1320414,select medical holdings corp,1,0,1,0,20121219,carson russell l,90445412000667,,male,140520316.0
24004.0,,1320414,select medical holdings corp,0,0,1,0,20121219,swani sanjay,90445412000657,,male,140520316.0
1826715.0,,1320414,select medical holdings corp,0,0,1,0,20121219,anderson bruce k,90445412000663,,male,140520316.0
5046.0,,1320414,select medical holdings corp,0,0,1,0,20121219,lee eric j.,90445412000670,,male,140520316.0
25545.0,,1320414,select medical holdings corp,0,0,1,0,20121219,mackesy d scott,90445412000662,,male,140520316.0
25545.0,,1320414,select medical holdings corp,0,0,1,0,20121219,clark john d,90445412000660,,male,140520316.0
0.0,,1320414,select medical holdings corp,0,0,1,0,20121227,quaelly paul b,90445412000697,,male,140520316.0
100000.0,,1320414,select medical holdings corp,1,0,1,0,20121227,carson russell l,90445412000699,,male,140520316.0
177168.0,,1320414,select medical holdings corp,0,1,0,0,20130104,saich john a.,117911013000430,Executive Vice President,male,140589256.0
44793496.0,,1320414,select medical holdings corp,0,0,1,0,20130124,welsh carson anderson & stowe ix lp,90445413000076,,male,140589256.0
8475183.0,6050000.0,1320414,select medical holdings corp,1,1,0,0,20130124,ortenzio robert a,117911013001171,Chief Executive Officer,male,140589256.0
191403.0,10045266.0,1320414,select medical holdings corp,1,1,0,0,20130124,ortenzio rocco a,117911013001170,Executive Chairman,male,140589256.0
2007248.0,,1320414,select medical holdings corp,0,0,1,0,20130124,"wcas capital partners iv, l.p.",90445413000074,,male,140589256.0
11794.0,,1320414,select medical holdings corp,0,0,1,0,20130128,wcas management corp,90445413000088,,male,140589256.0
2989.0,,1320414,select medical holdings corp,0,0,1,0,20130128,regan brian thomas,90445413000092,,male,140589256.0
11794.0,,1320414,select medical holdings corp,0,0,1,0,20130128,rather jonathan m,90445413000094,,male,140589256.0
615.0,,1320414,select medical holdings corp,0,0,1,0,20130128,denicola anthony j,90445413000096,,male,140589256.0
2123159.0,,1320414,select medical holdings corp,1,0,1,0,20130128,carson russell l,90445413000098,,male,140589256.0
1868149.0,,1320414,select medical holdings corp,0,0,1,0,20130128,anderson bruce k,90445413000100,,male,140589256.0
326979.0,,1320414,select medical holdings corp,0,0,1,0,20130128,minicucci robert a,90445413000102,,male,140589256.0
2007248.0,,1320414,select medical holdings corp,0,0,1,0,20130128,quaelly paul b,90445413000104,,male,140589256.0
1990.0,,1320414,select medical holdings corp,0,0,1,0,20130128,donovan michael,90445413000118,,male,140589256.0
34190.0,,1320414,select medical holdings corp,0,0,1,0,20130128,swani sanjay,90445413000106,,male,140589256.0
43185.0,,1320414,select medical holdings corp,1,0,1,0,20130128,scully thomas,90445413000120,,male,140589256.0
33.0,,1320414,select medical holdings corp,0,0,1,0,20130128,ecock anthony f,90445413000122,,male,140589256.0
35731.0,,1320414,select medical holdings corp,0,0,1,0,20130128,clark john d,90445413000116,,male,140589256.0
421109.0,,1320414,select medical holdings corp,0,0,1,0,20130128,welsh patrick j,90445413000090,,male,140589256.0
6156.0,,1320414,select medical holdings corp,0,0,1,0,20130128,lee eric j.,90445413000108,,male,140589256.0
35731.0,,1320414,select medical holdings corp,0,0,1,0,20130128,mackesy d scott,90445413000114,,male,140589256.0
35731.0,,1320414,select medical holdings corp,0,0,1,0,20130128,mackesy d scott,90445413000112,,male,140589256.0
14798.0,,1320414,select medical holdings corp,0,0,1,0,20130128,traynor sean,90445413000110,,male,140589256.0
35731.0,,1320414,select medical holdings corp,0,0,1,0,20130128,mackesy d scott,90445413000113,,male,140589256.0
188956.0,46807186.0,1320414,select medical holdings corp,0,0,1,0,20130214,denicola anthony j,90445413000284,,male,140594256.0
1792802.0,,1320414,select medical holdings corp,0,0,1,0,20130220,"wcas capital partners iv, l.p.",90445413000303,,male,140594256.0
40007942.0,,1320414,select medical holdings corp,0,0,1,0,20130220,welsh carson anderson & stowe ix lp,90445413000305,,male,140594256.0
8475267.0,6050000.0,1320414,select medical holdings corp,1,1,0,0,20130221,ortenzio robert a,117911013003239,Chief Executive Officer,male,140594256.0
193782.0,10045266.0,1320414,select medical holdings corp,1,1,0,0,20130221,ortenzio rocco a,117911013003237,Executive Chairman,male,140594256.0
6857932.0,,1320414,select medical holdings corp,1,0,0,0,20130221,cressey bryan c,117911013003236,,male,140594256.0
3180.0,,1320414,select medical holdings corp,0,0,1,0,20130222,donovan michael,90445413000349,,male,140594256.0
8531.0,,1320414,select medical holdings corp,0,0,1,0,20130222,lee eric j.,90445413000347,,male,140594256.0
511757.0,,1320414,select medical holdings corp,0,0,1,0,20130222,welsh patrick j,90445413000325,,male,140594256.0
12583.0,,1320414,select medical holdings corp,0,0,1,0,20130222,wcas management corp,90445413000323,,male,140594256.0
57824.0,,1320414,select medical holdings corp,0,0,1,0,20130222,clark john d,90445413000343,,male,140594256.0
2214497.0,,1320414,select medical holdings corp,1,0,1,0,20130222,carson russell l,90445413000327,,male,140594256.0
1958797.0,,1320414,select medical holdings corp,0,0,1,0,20130222,anderson bruce k,90445413000329,,male,140594256.0
418167.0,,1320414,select medical holdings corp,0,0,1,0,20130222,minicucci robert a,90445413000331,,male,140594256.0
801.0,,1320414,select medical holdings corp,0,0,1,0,20130222,denicola anthony j,90445413000333,,male,140594256.0
1792802.0,,1320414,select medical holdings corp,0,0,1,0,20130222,quaelly paul b,90445413000335,,male,140594256.0
25579.0,,1320414,select medical holdings corp,0,0,1,0,20130222,traynor sean,90445413000345,,male,140594256.0
43239.0,,1320414,select medical holdings corp,1,0,1,0,20130222,scully thomas,90445413000351,,male,140594256.0
12583.0,,1320414,select medical holdings corp,0,0,1,0,20130222,rather jonathan m,90445413000337,,male,140594256.0
57824.0,,1320414,select medical holdings corp,0,0,1,0,20130222,swani sanjay,90445413000339,,male,140594256.0
57824.0,,1320414,select medical holdings corp,0,0,1,0,20130222,mackesy d scott,90445413000341,,male,140594256.0
3010.0,,1320414,select medical holdings corp,0,0,1,0,20130225,regan brian thomas,90445413000354,,male,140594256.0
44.0,,1320414,select medical holdings corp,0,0,1,0,20130225,ecock anthony f,90445413000352,,male,140594256.0
8843.0,,1320414,select medical holdings corp,0,0,1,0,20130228,mackesy d scott,90445413000362,,male,140594256.0
8843.0,,1320414,select medical holdings corp,0,0,1,0,20130228,clark john d,90445413000364,,male,140594256.0
1990.0,,1320414,select medical holdings corp,0,0,1,0,20130228,regan brian thomas,90445413000358,,male,140594256.0
8883.0,,1320414,select medical holdings corp,0,0,1,0,20130228,swani sanjay,90445413000368,,male,140594256.0
2488.0,,1320414,select medical holdings corp,0,0,1,0,20130228,lee eric j.,90445413000360,,male,140594256.0
831.0,,1320414,select medical holdings corp,0,0,1,0,20130228,donovan michael,90445413000366,,male,140594256.0
10579.0,,1320414,select medical holdings corp,1,0,0,0,20130306,traynor sean,90445413000384,,male,140594256.0
46760.0,,1320414,select medical holdings corp,0,0,1,0,20130321,rather jonathan m,90445413000463,,male,140594256.0
0.0,,1320414,select medical holdings corp,0,0,1,0,20130321,denicola anthony j,90445413000465,,male,140594256.0
10000.0,,1320414,select medical holdings corp,0,1,0,0,20130502,breighner robert g. jr,117911013007512,"Vice President, Compliance",male,139513565.0
3271062.0,,1320414,select medical holdings corp,1,0,0,0,20130530,cressey bryan c,117911013009387,,male,139513565.0
21928.0,10054659.0,1320414,select medical holdings corp,1,1,0,0,20130530,ortenzio rocco a,117911013009385,Executive Chairman,male,139513565.0
505423.0,3271062.0,1320414,select medical holdings corp,1,0,0,0,20130808,cressey bryan c,117911013012849,,male,139625565.0
30000.0,,1320414,select medical holdings corp,1,0,0,0,20130808,frist william h.,117911013012850,,male,139625565.0
25000.0,,1320414,select medical holdings corp,1,0,0,0,20130808,ely james s. iii,117911013012851,,male,139625565.0
176158.0,,1320414,select medical holdings corp,1,0,0,0,20130808,swergold leopold,117911013012852,,male,139625565.0
61577.0,,1320414,select medical holdings corp,1,0,0,0,20130808,dalton james e jr,117911013012853,,male,139625565.0
34265277.0,,1320414,select medical holdings corp,0,0,1,0,20130822,welsh carson anderson & stowe ix lp,90445413000951,,male,139625565.0
8475367.0,6050000.0,1320414,select medical holdings corp,1,1,0,0,20130822,ortenzio robert a,117911013013417,Chief Executive Officer,male,139625565.0
12430.0,10067194.0,1320414,select medical holdings corp,1,1,0,0,20130822,ortenzio rocco a,117911013013418,Executive Chairman,male,139625565.0
1535467.0,,1320414,select medical holdings corp,0,0,1,0,20130822,"wcas capital partners iv, l.p.",90445413000949,,male,139625565.0
11509.0,,1320414,select medical holdings corp,0,0,1,0,20130826,traynor sean,90445413000971,,male,139625565.0
2718.0,,1320414,select medical holdings corp,0,0,1,0,20130826,lee eric j.,90445413000973,,male,139625565.0
949.0,,1320414,select medical holdings corp,0,0,1,0,20130826,donovan michael,90445413000975,,male,139625565.0
43303.0,,1320414,select medical holdings corp,1,0,1,0,20130826,scully thomas,90445413000977,,male,139625565.0
518590.0,,1320414,select medical holdings corp,0,0,1,0,20130826,welsh patrick j,90445413000953,,male,139625565.0
2016.0,,1320414,select medical holdings corp,0,0,1,0,20130826,regan brian thomas,90445413000981,,male,139625565.0
12656.0,,1320414,select medical holdings corp,0,0,1,0,20130826,wcas management corp,90445413000983,,male,139625565.0
10691.0,,1320414,select medical holdings corp,0,0,1,0,20130826,mackesy d scott,90445413000969,,male,139625565.0
57.0,,1320414,select medical holdings corp,0,0,1,0,20130826,ecock anthony f,90445413000979,,male,139625565.0
10731.0,,1320414,select medical holdings corp,0,0,1,0,20130826,swani sanjay,90445413000967,,male,139625565.0
1535467.0,,1320414,select medical holdings corp,0,0,1,0,20130826,quaelly paul b,90445413000963,,male,139625565.0
261.0,,1320414,select medical holdings corp,0,0,1,0,20130826,denicola anthony j,90445413000961,,male,139625565.0
425679.0,,1320414,select medical holdings corp,0,0,1,0,20130826,minicucci robert a,90445413000959,,male,139625565.0
1965630.0,,1320414,select medical holdings corp,0,0,1,0,20130826,anderson bruce k,90445413000957,,male,139625565.0
2222234.0,,1320414,select medical holdings corp,1,0,1,0,20130826,carson russell l,90445413000955,,male,139625565.0
12656.0,,1320414,select medical holdings corp,0,0,1,0,20130826,rather jonathan m,90445413000965,,male,139625565.0
883025.0,,1320414,select medical holdings corp,0,1,0,0,20130913,chernow david s,117911013014193,President,male,139625565.0
196037.0,,1320414,select medical holdings corp,0,1,0,0,20131217,saich john a.,117911013018061,Executive Vice President,male,139546090.0
2082245.0,3750000.0,1320414,select medical holdings corp,1,1,0,0,20140106,ortenzio robert a,117911014000553,Exec. Chairman and Co-Founder,male,140260968.0
1300000.0,3750000.0,1320414,select medical holdings corp,1,1,0,0,20140109,ortenzio robert a,117911014000776,Exec. Chairman and Co-Founder,male,140260968.0
966971.0,,1320414,select medical holdings corp,0,0,1,0,20140110,"wcas capital partners iv, l.p.",90445414000023,,male,140260968.0
21578773.0,,1320414,select medical holdings corp,0,0,1,0,20140110,welsh carson anderson & stowe ix lp,90445414000025,,male,140260968.0
7575501.0,5050000.0,1320414,select medical holdings corp,1,1,0,0,20140113,ortenzio robert a,117911014000864,Exec. Chairman and Co-Founder,male,140260968.0
16182.0,10075867.0,1320414,select medical holdings corp,1,1,0,0,20140113,ortenzio rocco a,117911014000863,Vice Chairman and Co-Founder,male,140260968.0
579.0,,1320414,select medical holdings corp,0,0,1,0,20140114,denicola anthony j,90445414000040,,male,140260968.0
966971.0,,1320414,select medical holdings corp,0,0,1,0,20140114,quaelly paul b,90445414000042,,male,140260968.0
2039809.0,,1320414,select medical holdings corp,0,0,1,0,20140114,anderson bruce k,90445414000036,,male,140260968.0
500733.0,,1320414,select medical holdings corp,0,0,1,0,20140114,minicucci robert a,90445414000038,,male,140260968.0
13305.0,,1320414,select medical holdings corp,0,0,1,0,20140114,rather jonathan m,90445414000044,,male,140260968.0
2297553.0,,1320414,select medical holdings corp,1,0,1,0,20140114,carson russell l,90445414000034,,male,140260968.0
28896.0,,1320414,select medical holdings corp,0,0,1,0,20140114,mackesy d scott,90445414000049,,male,140260968.0
28936.0,,1320414,select medical holdings corp,0,0,1,0,20140114,swani sanjay,90445414000047,,male,140260968.0
4697.0,,1320414,select medical holdings corp,0,0,1,0,20140114,welsh patrick j,90445414000065,,male,140260968.0
13305.0,,1320414,select medical holdings corp,0,0,1,0,20140114,wcas management corp,90445414000061,,male,140260968.0
74.0,,1320414,select medical holdings corp,0,0,1,0,20140114,ecock anthony f,90445414000059,,male,140260968.0
2050.0,,1320414,select medical holdings corp,0,0,1,0,20140114,regan brian thomas,90445414000063,,male,140260968.0
1943.0,,1320414,select medical holdings corp,1,0,0,0,20140114,donovan michael,90445414000055,,male,140260968.0
4697.0,,1320414,select medical holdings corp,0,0,1,0,20140114,lee eric j.,90445414000053,,male,140260968.0
20413.0,,1320414,select medical holdings corp,1,0,0,0,20140114,traynor sean,90445414000051,,male,140260968.0
143389.0,,1320414,select medical holdings corp,1,0,1,0,20140114,scully thomas,90445414000057,,male,140260968.0
7768153.0,5050000.0,1320414,select medical holdings corp,1,1,0,0,20140220,ortenzio robert a,117911014003233,Exec. Chairman and Co-Founder,male,140286867.0
105000.0,,1320414,select medical holdings corp,0,1,0,0,20140305,tarvin michael e,117911014004496,Executive Vice President,male,140286867.0
208830.0,,1320414,select medical holdings corp,0,1,0,0,20140307,romberger scott a,117911014004700,Senior Vice President,male,140286867.0
15000.0,,1320414,select medical holdings corp,0,1,0,0,20140501,breighner robert g. jr,117911014007398,"Vice President, Compliance",male,130841663.0
133830.0,,1320414,select medical holdings corp,0,1,0,0,20140505,romberger scott a,117911014007663,Senior Vice President,male,130841663.0
130830.0,,1320414,select medical holdings corp,0,1,0,0,20140521,romberger scott a,117911014008861,Senior Vice President,male,130841663.0
196037.0,,1320414,select medical holdings corp,0,1,0,0,20140530,saich john a.,117911014009391,Executive Vice President,male,130841663.0
15000.0,,1320414,select medical holdings corp,0,1,0,0,20140530,breighner robert g. jr,117911014009390,"Vice President, Compliance",male,130841663.0
3318179.0,6342049.0,1320414,select medical holdings corp,1,1,0,0,20140604,ortenzio rocco a,117911014009782,Vice Chairman and Co-Founder,male,130841663.0
157835.0,,1320414,select medical holdings corp,1,0,0,0,20140605,carson russell l,90445414000484,,male,130841663.0
118656.0,,1320414,select medical holdings corp,1,0,0,0,20140605,scully thomas,90445414000482,,male,130841663.0
118656.0,100000.0,1320414,select medical holdings corp,1,0,0,0,20140605,carson russell l,90445414000480,,male,130841663.0
3084000.0,6342049.0,1320414,select medical holdings corp,1,1,0,0,20140606,ortenzio rocco a,117911014009962,Vice Chairman and Co-Founder,male,130841663.0
15000.0,,1320414,select medical holdings corp,0,1,0,0,20140609,breighner robert g. jr,117911014010009,"Vice President, Compliance",male,130841663.0
2915200.0,6342049.0,1320414,select medical holdings corp,1,1,0,0,20140731,ortenzio rocco a,117911014012202,Vice Chairman and Co-Founder,male,130018588.0
594578.0,,1320414,select medical holdings corp,1,0,0,0,20140808,cressey bryan c,117911014012612,,male,130018588.0
72720.0,,1320414,select medical holdings corp,1,0,0,0,20140808,dalton james e jr,117911014012613,,male,130018588.0
35571.0,,1320414,select medical holdings corp,1,0,0,0,20140808,ely james s. iii,117911014012614,,male,130018588.0
186729.0,,1320414,select medical holdings corp,1,0,0,0,20140808,swergold leopold,117911014012615,,male,130018588.0
447143.0,9257249.0,1320414,select medical holdings corp,1,1,0,0,20140808,ortenzio rocco a,117911014012616,Vice Chairman and Co-Founder,male,130018588.0
6018153.0,6215200.0,1320414,select medical holdings corp,1,1,0,0,20140808,ortenzio robert a,117911014012617,Exec. Chairman and Co-Founder,male,130018588.0
246037.0,,1320414,select medical holdings corp,0,1,0,0,20140808,saich john a.,117911014012610,Executive Vice President,male,130018588.0
180000.0,,1320414,select medical holdings corp,0,1,0,0,20140808,tarvin michael e,117911014012609,Executive Vice President,male,130018588.0
1471660.0,10536.0,1320414,select medical holdings corp,0,1,0,0,20140808,jackson martin f,117911014012608,Executive Vice President,male,130018588.0
445898.0,,1320414,select medical holdings corp,0,1,0,0,20140808,talalai james j,117911014012607,"EVP, Chief Operating Officer",male,130018588.0
1033025.0,,1320414,select medical holdings corp,0,1,0,0,20140808,chernow david s,117911014012606,Chief Executive Officer,male,130018588.0
141143.0,,1320414,select medical holdings corp,1,0,0,0,20140808,frist william h.,117911014012611,,male,130018588.0
108842.0,,1320414,select medical holdings corp,1,0,0,0,20140815,scully thomas,90445414000586,,male,130018588.0
108842.0,100000.0,1320414,select medical holdings corp,1,0,0,0,20140815,carson russell l,90445414000584,,male,130018588.0
100309.0,,1320414,select medical holdings corp,1,0,0,0,20140819,scully thomas,90445414000594,,male,130018588.0
100309.0,100000.0,1320414,select medical holdings corp,1,0,0,0,20140819,carson russell l,90445414000592,,male,130018588.0
97203.0,,1320414,select medical holdings corp,1,0,0,0,20140822,scully thomas,90445414000602,,male,130018588.0
97203.0,100000.0,1320414,select medical holdings corp,1,0,0,0,20140822,carson russell l,90445414000600,,male,130018588.0
88744.0,100000.0,1320414,select medical holdings corp,1,0,0,0,20140826,carson russell l,90445414000606,,male,130018588.0
88744.0,,1320414,select medical holdings corp,1,0,0,0,20140826,scully thomas,90445414000604,,male,130018588.0
76058.0,,1320414,select medical holdings corp,1,0,0,0,20140829,scully thomas,90445414000612,,male,130018588.0
76058.0,100000.0,1320414,select medical holdings corp,1,0,0,0,20140829,carson russell l,90445414000610,,male,130018588.0
75467.0,100000.0,1320414,select medical holdings corp,1,0,0,0,20140904,carson russell l,90445414000623,,male,130018588.0
75467.0,,1320414,select medical holdings corp,1,0,0,0,20140904,scully thomas,90445414000621,,male,130018588.0
32063.0,100000.0,1320414,select medical holdings corp,1,0,0,0,20140912,carson russell l,90445414000635,,male,130018588.0
32063.0,,1320414,select medical holdings corp,1,0,0,0,20140912,scully thomas,90445414000637,,male,130018588.0
916050.0,,1320414,select medical holdings corp,0,1,0,0,20140915,chernow david s,117911014014165,Chief Executive Officer,male,130018588.0
13056.0,100000.0,1320414,select medical holdings corp,1,0,0,0,20140917,carson russell l,90445414000650,,male,130018588.0
13056.0,,1320414,select medical holdings corp,1,0,0,0,20140917,scully thomas,90445414000648,,male,130018588.0
0.0,100000.0,1320414,select medical holdings corp,1,0,0,0,20140922,carson russell l,90445414000652,,male,130018588.0
0.0,,1320414,select medical holdings corp,1,0,0,0,20140922,scully thomas,90445414000654,,male,130018588.0
816050.0,,1320414,select medical holdings corp,0,1,0,0,20141003,chernow david s,117911014015053,Chief Executive Officer,male,130925584.0
187423.0,,1320414,select medical holdings corp,1,0,0,0,20141031,swergold leopold,117911014015906,,male,130925584.0
155830.0,,1320414,select medical holdings corp,0,1,0,0,20141031,romberger scott a,117911014015901,Senior Vice President,male,130925584.0
595966.0,,1320414,select medical holdings corp,1,0,0,0,20141031,cressey bryan c,117911014015902,,male,130925584.0
74108.0,,1320414,select medical holdings corp,1,0,0,0,20141031,dalton james e jr,117911014015903,,male,130925584.0
142531.0,,1320414,select medical holdings corp,1,0,0,0,20141031,frist william h.,117911014015904,,male,130925584.0
36265.0,,1320414,select medical holdings corp,1,0,0,0,20141031,ely james s. iii,117911014015905,,male,130925584.0
196423.0,,1320414,select medical holdings corp,1,0,0,0,20141119,swergold leopold,117911014016802,,male,130925584.0
216079.0,,1320414,select medical holdings corp,0,1,0,0,20141217,saich john a.,117911014018363,Executive Vice President,male,130925584.0
147957.0,,1320414,select medical holdings corp,0,1,0,0,20141217,romberger scott a,117911014018347,Senior Vice President,male,130925584.0
220688.0,,1320414,select medical holdings corp,0,1,0,0,20141217,saich john a.,117911014018345,Executive Vice President,male,130925584.0
167014.0,,1320414,select medical holdings corp,0,1,0,0,20141217,tarvin michael e,117911014018344,Executive Vice President,male,130925584.0
577466.0,,1320414,select medical holdings corp,1,0,0,0,20141223,cressey bryan c,117911014018658,,male,130925584.0
443098.0,,1320414,select medical holdings corp,0,1,0,0,20141231,talalai james j,117911014018805,"EVP, Chief Operating Officer",male,131233308.0
74108.0,,1320414,select medical holdings corp,1,0,0,0,20150210,dalton james e jr,117911015002264,,male,131228508.0
36899.0,,1320414,select medical holdings corp,1,0,0,0,20150220,ely james s. iii,117911015003002,,male,131228508.0
578734.0,,1320414,select medical holdings corp,1,0,0,0,20150220,cressey bryan c,117911015002999,,male,131228508.0
75376.0,,1320414,select medical holdings corp,1,0,0,0,20150220,dalton james e jr,117911015003000,,male,131228508.0
143799.0,,1320414,select medical holdings corp,1,0,0,0,20150220,frist william h.,117911015003001,,male,131228508.0
190790.0,,1320414,select medical holdings corp,1,0,0,0,20150220,swergold leopold,117911015003003,,male,131228508.0
144957.0,,1320414,select medical holdings corp,0,1,0,0,20150325,romberger scott a,117911015005395,Senior Vice President,male,131228508.0
3283338.0,2971983.0,1320414,select medical holdings corp,1,1,0,0,20150414,ortenzio rocco a,117911015006315,Vice Chairman and Co-Founder,male,131087980.0
6838153.0,4215200.0,1320414,select medical holdings corp,1,1,0,0,20150428,ortenzio robert a,117911015006736,Exec. Chairman and Co-Founder,male,131087980.0
579923.0,,1320414,select medical holdings corp,1,0,0,0,20150429,cressey bryan c,117911015006778,,male,131087980.0
76565.0,,1320414,select medical holdings corp,1,0,0,0,20150429,dalton james e jr,117911015006777,,male,131087980.0
144988.0,,1320414,select medical holdings corp,1,0,0,0,20150429,frist william h.,117911015006775,,male,131087980.0
191384.0,,1320414,select medical holdings corp,1,0,0,0,20150429,swergold leopold,117911015006774,,male,131087980.0
37493.0,,1320414,select medical holdings corp,1,0,0,0,20150429,ely james s. iii,117911015006776,,male,131087980.0
22000.0,,1320414,select medical holdings corp,0,1,0,0,20150429,breighner robert g. jr,117911015006773,"Vice President, Compliance",male,131087980.0
22000.0,,1320414,select medical holdings corp,0,1,0,0,20150513,breighner robert g. jr,117911015007691,"Vice President, Compliance",male,131087980.0
,6195200.0,1320414,select medical holdings corp,1,1,0,0,20150519,ortenzio robert a,117911015008116,Exec. Chairman and Co-Founder,male,131087980.0
,9257249.0,1320414,select medical holdings corp,1,1,0,0,20150520,ortenzio rocco a,117911015008224,Vice Chairman and Co-Founder,male,131087980.0
2750000.0,6342049.0,1320414,select medical holdings corp,1,1,0,0,20150522,ortenzio rocco a,117911015008469,Vice Chairman and Co-Founder,male,131087980.0
2750000.0,3280000.0,1320414,select medical holdings corp,1,1,0,0,20150522,ortenzio robert a,117911015008470,Exec. Chairman and Co-Founder,male,131087980.0
22000.0,,1320414,select medical holdings corp,0,1,0,0,20150623,breighner robert g. jr,117911015010205,"Vice President, Compliance",male,131087980.0
134957.0,,1320414,select medical holdings corp,0,1,0,0,20150626,romberger scott a,117911015010341,Senior Vice President,male,131087980.0
783025.0,,1320414,select medical holdings corp,0,1,0,0,20150702,chernow david s,117911015010776,Chief Executive Officer,male,131373985.0
2307533.0,100000.0,1320414,select medical holdings corp,1,0,0,0,20150806,carson russell l,90445415000506,,male,131381185.0
2307533.0,100000.0,1320414,select medical holdings corp,1,0,0,0,20150806,carson russell l,90445415000506,,male,131381185.0
48739.0,,1320414,select medical holdings corp,1,0,0,0,20150807,ely james s. iii,117911015011879,,male,131381185.0
87811.0,,1320414,select medical holdings corp,1,0,0,0,20150807,dalton james e jr,117911015011880,,male,131381185.0
591169.0,,1320414,select medical holdings corp,1,0,0,0,20150807,cressey bryan c,117911015011881,,male,131381185.0
291079.0,,1320414,select medical holdings corp,0,1,0,0,20150807,saich john a.,117911015011884,Executive Vice President,male,131381185.0
202007.0,,1320414,select medical holdings corp,1,0,0,0,20150807,swergold leopold,117911015011877,,male,131381185.0
597143.0,9092049.0,1320414,select medical holdings corp,1,1,0,0,20150807,ortenzio rocco a,117911015011886,Vice Chairman and Co-Founder,male,131381185.0
1621660.0,10536.0,1320414,select medical holdings corp,0,1,0,0,20150807,jackson martin f,117911015011888,Executive Vice President,male,131381185.0
156234.0,,1320414,select medical holdings corp,1,0,0,0,20150807,frist william h.,117911015011878,,male,131381185.0
983025.0,,1320414,select medical holdings corp,0,1,0,0,20150807,chernow david s,117911015011889,Chief Executive Officer,male,131381185.0
5738153.0,6030000.0,1320414,select medical holdings corp,1,1,0,0,20150807,ortenzio robert a,117911015011885,Exec. Chairman and Co-Founder,male,131381185.0
267014.0,,1320414,select medical holdings corp,0,1,0,0,20150807,tarvin michael e,117911015011900,Executive Vice President,male,131381185.0
291079.0,,1320414,select medical holdings corp,0,1,0,0,20150807,saich john a.,117911015011884,Executive Vice President,male,131381185.0
1621660.0,10536.0,1320414,select medical holdings corp,0,1,0,0,20150807,jackson martin f,117911015011888,Executive Vice President,male,131381185.0
597143.0,9092049.0,1320414,select medical holdings corp,1,1,0,0,20150807,ortenzio rocco a,117911015011886,Vice Chairman and Co-Founder,male,131381185.0
5738153.0,6030000.0,1320414,select medical holdings corp,1,1,0,0,20150807,ortenzio robert a,117911015011885,Exec. Chairman and Co-Founder,male,131381185.0
591169.0,,1320414,select medical holdings corp,1,0,0,0,20150807,cressey bryan c,117911015011881,,male,131381185.0
87811.0,,1320414,select medical holdings corp,1,0,0,0,20150807,dalton james e jr,117911015011880,,male,131381185.0
48739.0,,1320414,select medical holdings corp,1,0,0,0,20150807,ely james s. iii,117911015011879,,male,131381185.0
156234.0,,1320414,select medical holdings corp,1,0,0,0,20150807,frist william h.,117911015011878,,male,131381185.0
202007.0,,1320414,select medical holdings corp,1,0,0,0,20150807,swergold leopold,117911015011877,,male,131381185.0
267014.0,,1320414,select medical holdings corp,0,1,0,0,20150807,tarvin michael e,117911015011900,Executive Vice President,male,131381185.0
983025.0,,1320414,select medical holdings corp,0,1,0,0,20150807,chernow david s,117911015011889,Chief Executive Officer,male,131381185.0
245014.0,,1320414,select medical holdings corp,0,1,0,0,20150811,tarvin michael e,117911015011975,Executive Vice President,male,131381185.0
245014.0,,1320414,select medical holdings corp,0,1,0,0,20150811,tarvin michael e,117911015011975,Executive Vice President,male,131381185.0
164334.0,,1320414,select medical holdings corp,1,0,0,0,20150910,frist william h.,117911015013196,,male,131381185.0
866050.0,,1320414,select medical holdings corp,0.0,1.0,0.0,0.0,20150915,chernow david s,110465915065173,Chief Executive Officer,male,131381185.0
866050.0,,1320414,select medical holdings corp,0,1,0,0,20150915,chernow david s,110465915065173,Chief Executive Officer,male,131381185.0
202843.0,,1320414,select medical holdings corp,1,0,0,0,20151029,swergold leopold,117911015014283,,male,131190842.0
166005.0,,1320414,select medical holdings corp,1,0,0,0,20151029,frist william h.,117911015014284,,male,131190842.0
50410.0,,1320414,select medical holdings corp,1,0,0,0,20151029,ely james s. iii,117911015014285,,male,131190842.0
89482.0,,1320414,select medical holdings corp,1,0,0,0,20151029,dalton james e jr,117911015014286,,male,131190842.0
592840.0,,1320414,select medical holdings corp,1,0,0,0,20151029,cressey bryan c,117911015014287,,male,131190842.0
159957.0,,1320414,select medical holdings corp,0,1,0,0,20151029,romberger scott a,117911015014288,Senior Vice President,male,131190842.0
274947.0,,1320414,select medical holdings corp,0,1,0,0,20151102,saich john a.,117911015014335,Executive Vice President,male,131190842.0
152084.0,,1320414,select medical holdings corp,0,1,0,0,20151104,romberger scott a,117911015014472,Senior Vice President,male,131190842.0
270338.0,,1320414,select medical holdings corp,0,1,0,0,20151218,saich john a.,117911015016501,Executive Vice President,male,131190842.0
203907.0,,1320414,select medical holdings corp,1,0,0,0,20160225,swergold leopold,117911016020114,,male,131282798.0
52538.0,,1320414,select medical holdings corp,1,0,0,0,20160225,ely james s. iii,117911016020116,,male,131282798.0
168133.0,,1320414,select medical holdings corp,1,0,0,0,20160225,frist william h.,117911016020115,,male,131282798.0
91610.0,,1320414,select medical holdings corp,1,0,0,0,20160225,dalton james e jr,117911016020117,,male,131282798.0
594968.0,,1320414,select medical holdings corp,1,0,0,0,20160225,cressey bryan c,117911016020118,,male,131282798.0
29000.0,,1320414,select medical holdings corp,0,1,0,0,20160427,breighner robert g. jr,117911016023380,"Vice President, Compliance",male,131250374.0
169502.0,,1320414,select medical holdings corp,1,0,0,0,20160427,frist william h.,117911016023382,,male,131250374.0
53907.0,,1320414,select medical holdings corp,1,0,0,0,20160427,ely james s. iii,117911016023383,,male,131250374.0
92979.0,,1320414,select medical holdings corp,1,0,0,0,20160427,dalton james e jr,117911016023384,,male,131250374.0
204591.0,,1320414,select medical holdings corp,1,0,0,0,20160427,swergold leopold,117911016023381,,male,131250374.0
596337.0,,1320414,select medical holdings corp,1,0,0,0,20160427,cressey bryan c,117911016023385,,male,131250374.0
27470.0,,1320414,select medical holdings corp,0,1,0,0,20160503,breighner robert g. jr,117911016023666,"Vice President, Compliance",male,131250374.0
92979.0,,1320414,select medical holdings corp,1,0,0,0,20160524,dalton james e jr,117911016025425,,male,131250374.0
,9092049.0,1320414,select medical holdings corp,1,1,0,0,20160629,ortenzio rocco a,117911016027051,Vice Chairman and Co-Founder,male,131250374.0
31885.0,4374660.0,1320414,select medical holdings corp,1,1,0,0,20160630,ortenzio robert a,117911016027091,Exec. Chairman and Co-Founder,male,131472188.0
607960.0,,1320414,select medical holdings corp,1,0,0,0,20160805,cressey bryan c,117911016028353,,male,131472188.0
104602.0,,1320414,select medical holdings corp,1,0,0,0,20160805,dalton james e jr,117911016028354,,male,131472188.0
181125.0,,1320414,select medical holdings corp,1,0,0,0,20160805,frist william h.,117911016028356,,male,131472188.0
215403.0,,1320414,select medical holdings corp,1,0,0,0,20160805,swergold leopold,117911016028357,,male,131472188.0
7497836.0,4470317.0,1320414,select medical holdings corp,1,1,0,0,20160805,ortenzio robert a,117911016028358,Exec. Chairman and Co-Founder,male,131472188.0
747143.0,9092049.0,1320414,select medical holdings corp,1,1,0,0,20160805,ortenzio rocco a,117911016028359,Vice Chairman and Co-Founder,male,131472188.0
1771660.0,10536.0,1320414,select medical holdings corp,0,1,0,0,20160805,jackson martin f,117911016028361,Executive Vice President,male,131472188.0
345014.0,,1320414,select medical holdings corp,0,1,0,0,20160805,tarvin michael e,117911016028362,Executive Vice President,male,131472188.0
345338.0,,1320414,select medical holdings corp,0,1,0,0,20160805,saich john a.,117911016028363,Executive Vice President,male,131472188.0
2317553.0,100000.0,1320414,select medical holdings corp,1,0,0,0,20160805,carson russell l,90445416001361,,male,131472188.0
65530.0,,1320414,select medical holdings corp,1,0,0,0,20160805,ely james s. iii,117911016028355,,male,131472188.0
1066050.0,,1320414,select medical holdings corp,0,1,0,0,20160805,chernow david s,117911016028360,Chief Executive Officer,male,131472188.0
1057514.0,,1320414,select medical holdings corp,0,1,0,0,20160810,chernow david s,117911016028526,President and CEO,male,131472188.0
1056214.0,,1320414,select medical holdings corp,0,1,0,0,20160901,chernow david s,117911016029206,President and CEO,male,131472188.0
966050.0,,1320414,select medical holdings corp,0,1,0,0,20160907,chernow david s,117911016029408,President and CEO,male,131472188.0
849075.0,,1320414,select medical holdings corp,0,1,0,0,20160914,chernow david s,117911016029657,President and CEO,male,131472188.0
799075.0,,1320414,select medical holdings corp,0,1,0,0,20161004,chernow david s,117911016030284,President and CEO,male,132395317.0
149084.0,,1320414,select medical holdings corp,0,1,0,0,20161013,romberger scott a,117911016030677,Senior Vice President,male,132395317.0
329206.0,,1320414,select medical holdings corp,0,1,0,0,20161031,saich john a.,117911016031005,Executive Vice President,male,132329220.0
141211.0,,1320414,select medical holdings corp,0,1,0,0,20161031,romberger scott a,117911016031004,Senior Vice President,male,132329220.0
328637.0,,1320414,select medical holdings corp,0,1,0,0,20161031,tarvin michael e,117911016031003,Executive Vice President,male,132329220.0
216141.0,,1320414,select medical holdings corp,1,0,0,0,20161103,swergold leopold,117911016031161,,male,132329220.0
166211.0,,1320414,select medical holdings corp,0,1,0,0,20161103,romberger scott a,117911016031156,Senior Vice President,male,132329220.0
609435.0,,1320414,select medical holdings corp,1,0,0,0,20161103,cressey bryan c,117911016031157,,male,132329220.0
106077.0,,1320414,select medical holdings corp,1,0,0,0,20161103,dalton james e jr,117911016031158,,male,132329220.0
67005.0,,1320414,select medical holdings corp,1,0,0,0,20161103,ely james s. iii,117911016031159,,male,132329220.0
182600.0,,1320414,select medical holdings corp,1,0,0,0,20161103,frist william h.,117911016031160,,male,132329220.0
107478.0,,1320414,select medical holdings corp,1,0,0,0,20170217,dalton james e jr,117911017002669,,male,132683690.0
216841.0,,1320414,select medical holdings corp,1,0,0,0,20170217,swergold leopold,117911017002673,,male,132683690.0
184001.0,,1320414,select medical holdings corp,1,0,0,0,20170217,frist william h.,117911017002671,,male,132683690.0
68406.0,,1320414,select medical holdings corp,1,0,0,0,20170217,ely james s. iii,117911017002670,,male,132683690.0
610836.0,,1320414,select medical holdings corp,1,0,0,0,20170217,cressey bryan c,117911017002668,,male,132683690.0
162211.0,,1320414,select medical holdings corp,0,1,0,0,20170301,romberger scott a,117911017003523,Senior Vice President,male,132683690.0
25898.0,,1320414,select medical holdings corp,0,1,0,0,20170502,breighner robert g. jr,117911017006359,"Vice President, Compliance",male,132759535.0
217500.0,,1320414,select medical holdings corp,1,0,0,0,20170504,swergold leopold,117911017006595,,male,132759535.0
185320.0,,1320414,select medical holdings corp,1,0,0,0,20170504,frist william h.,117911017006594,,male,132759535.0
69725.0,,1320414,select medical holdings corp,1,0,0,0,20170504,ely james s. iii,117911017006593,,male,132759535.0
108797.0,,1320414,select medical holdings corp,1,0,0,0,20170504,dalton james e jr,117911017006592,,male,132759535.0
612155.0,,1320414,select medical holdings corp,1,0,0,0,20170504,cressey bryan c,117911017006591,,male,132759535.0
32898.0,,1320414,select medical holdings corp,0,1,0,0,20170504,breighner robert g. jr,117911017006596,"Vice President, Compliance",male,132759535.0
683025.0,,1320414,select medical holdings corp,0,1,0,0,20170509,chernow david s,117911017006933,President and CEO,male,132759535.0
29428.0,,1320414,select medical holdings corp,0,1,0,0,20170519,breighner robert g. jr,117911017007582,"Vice President, Compliance",male,132759535.0
159084.0,,1320414,select medical holdings corp,0,1,0,0,20170613,romberger scott a,117911017009003,Senior Vice President,male,132759535.0
293637.0,,1320414,select medical holdings corp,0,1,0,0,20170628,tarvin michael e,117911017009728,Executive Vice President,male,132759535.0
,9092049.0,1320414,select medical holdings corp,1,1,0,0,20170703,ortenzio rocco a,117911017009906,Vice Chairman and Co-Founder,male,132929545.0
,4145657.0,1320414,select medical holdings corp,1,1,0,0,20170703,ortenzio robert a,117911017009905,Exec. Chairman and Co-Founder,male,132929545.0
,9092049.0,1320414,select medical holdings corp,1,1,0,0,20170721,ortenzio rocco a,117911017010608,Vice Chairman and Co-Founder,male,132929545.0
,2195657.0,1320414,select medical holdings corp,1,1,0,0,20170721,ortenzio robert a,117911017010607,Exec. Chairman and Co-Founder,male,132929545.0
2327553.0,100000.0,1320414,select medical holdings corp,1,0,0,0,20170802,carson russell l,90445417000539,,male,132936770.0
623294.0,,1320414,select medical holdings corp,1,0,0,0,20170804,cressey bryan c,117911017011139,,male,132936770.0
119936.0,,1320414,select medical holdings corp,1,0,0,0,20170804,dalton james e jr,117911017011140,,male,132936770.0
80864.0,,1320414,select medical holdings corp,1,0,0,0,20170804,ely james s. iii,117911017011141,,male,132936770.0
897143.0,9092049.0,1320414,select medical holdings corp,1,1,0,0,20170804,ortenzio rocco a,117911017011148,Vice Chairman and Co-Founder,male,132936770.0
228070.0,,1320414,select medical holdings corp,1,0,0,0,20170804,swergold leopold,117911017011144,,male,132936770.0
196459.0,,1320414,select medical holdings corp,1,0,0,0,20170804,frist william h.,117911017011142,,male,132936770.0
933025.0,,1320414,select medical holdings corp,0,1,0,0,20170804,chernow david s,117911017011150,President and CEO,male,132936770.0
393637.0,,1320414,select medical holdings corp,0,1,0,0,20170804,tarvin michael e,117911017011145,Executive Vice President,male,132936770.0
1921660.0,10536.0,1320414,select medical holdings corp,0,1,0,0,20170804,jackson martin f,117911017011146,Executive Vice President,male,132936770.0
404206.0,,1320414,select medical holdings corp,0,1,0,0,20170804,saich john a.,117911017011147,Executive Vice President,male,132936770.0
7272496.0,4945657.0,1320414,select medical holdings corp,1,1,0,0,20170804,ortenzio robert a,117911017011149,Exec. Chairman and Co-Founder,male,132936770.0
20000.0,,1320414,select medical holdings corp,1,0,0,0,20170804,paz harold l,117911017011143,,male,132936770.0
1874870.0,10536.0,1320414,select medical holdings corp,0,1,0,0,20170818,jackson martin f,117911017011683,Executive Vice President,male,132936770.0
381161.0,,1320414,select medical holdings corp,0,1,0,0,20170818,saich john a.,117911017011682,Executive Vice President,male,132936770.0
358544.0,,1320414,select medical holdings corp,0,1,0,0,20170818,tarvin michael e,117911017011681,Executive Vice President,male,132936770.0
862840.0,,1320414,select medical holdings corp,0,1,0,0,20170818,chernow david s,117911017011680,President and CEO,male,132936770.0
156084.0,,1320414,select medical holdings corp,0,1,0,0,20170906,romberger scott a,117911017012107,Senior Vice President,male,132936770.0
729815.0,,1320414,select medical holdings corp,0,1,0,0,20170915,chernow david s,117911017012332,President and CEO,male,132936770.0
340044.0,,1320414,select medical holdings corp,0,1,0,0,20171101,tarvin michael e,117911017013629,Executive Vice President,male,133824559.0
173211.0,,1320414,select medical holdings corp,0,1,0,0,20171101,romberger scott a,117911017013644,Senior Vice President,male,133824559.0
120904.0,,1320414,select medical holdings corp,1,0,0,0,20171103,dalton james e jr,117911017013719,,male,133824559.0
228554.0,,1320414,select medical holdings corp,1,0,0,0,20171103,swergold leopold,117911017013718,,male,133824559.0
197427.0,,1320414,select medical holdings corp,1,0,0,0,20171103,frist william h.,117911017013717,,male,133824559.0
81832.0,,1320414,select medical holdings corp,1,0,0,0,20171103,ely james s. iii,117911017013716,,male,133824559.0
624262.0,,1320414,select medical holdings corp,1,0,0,0,20171103,cressey bryan c,117911017013715,,male,133824559.0
168211.0,,1320414,select medical holdings corp,0,1,0,0,20171201,romberger scott a,117911017014793,Senior Vice President,male,133824559.0
1718267.0,10536.0,1320414,select medical holdings corp,0,1,0,0,20171214,jackson martin f,117911017015381,Executive Vice President,male,133824559.0
1584238.0,10536.0,1320414,select medical holdings corp,0,1,0,0,20171222,jackson martin f,117911017015854,Executive Vice President,male,133824559.0
625350.0,,1320414,select medical holdings corp,1,0,0,0,20180215,cressey bryan c,117911018002215,,male,134103978.0
224098.0,,1320414,select medical holdings corp,1,0,0,0,20180215,swergold leopold,117911018002214,,male,134103978.0
198515.0,,1320414,select medical holdings corp,1,0,0,0,20180215,frist william h.,117911018002213,,male,134103978.0
82920.0,,1320414,select medical holdings corp,1,0,0,0,20180215,ely james s. iii,117911018002212,,male,134103978.0
163211.0,,1320414,select medical holdings corp,0,1,0,0,20180228,romberger scott a,117911018003040,Senior Vice President,male,134103978.0
199509.0,,1320414,select medical holdings corp,1,0,0,0,20180502,frist william h.,117911018006065,,male,134061769.0
35017.0,,1320414,select medical holdings corp,0,1,0,0,20180502,breighner robert g. jr,117911018006056,"Vice President, Compliance",male,134061769.0
626344.0,,1320414,select medical holdings corp,1,0,0,0,20180502,cressey bryan c,117911018006066,,male,134061769.0
83914.0,,1320414,select medical holdings corp,1,0,0,0,20180502,ely james s. iii,117911018006064,,male,134061769.0
224595.0,,1320414,select medical holdings corp,1,0,0,0,20180502,swergold leopold,117911018006063,,male,134061769.0
31589.0,,1320414,select medical holdings corp,0,1,0,0,20180508,breighner robert g. jr,117911018006431,"Vice President, Compliance",male,134061769.0
7172220.0,4945657.0,1320414,select medical holdings corp,1,1,0,0,20180518,ortenzio robert a,117911018007127,Exec. Chairman and Co-Founder,male,134061769.0
613850.0,,1320414,select medical holdings corp,1,0,0,0,20180523,cressey bryan c,117911018007435,,male,134061769.0
7024007.0,4945657.0,1320414,select medical holdings corp,1,1,0,0,20180523,ortenzio robert a,117911018007430,Exec. Chairman and Co-Founder,male,134061769.0
6989591.0,4945657.0,1320414,select medical holdings corp,1,1,0,0,20180601,ortenzio robert a,117911018007836,Exec. Chairman and Co-Founder,male,134061769.0
6986401.0,4945657.0,1320414,select medical holdings corp,1,1,0,0,20180607,ortenzio robert a,117911018008234,Exec. Chairman and Co-Founder,male,134061769.0
158211.0,,1320414,select medical holdings corp,0,1,0,0,20180612,romberger scott a,117911018008415,Senior Vice President,male,134061769.0
6793548.0,4945657.0,1320414,select medical holdings corp,1,1,0,0,20180612,ortenzio robert a,117911018008404,Exec. Chairman and Co-Founder,male,134061769.0
6772496.0,4945657.0,1320414,select medical holdings corp,1,1,0,0,20180614,ortenzio robert a,117911018008554,Exec. Chairman and Co-Founder,male,134061769.0
153389.0,,1320414,select medical holdings corp,1,0,0,0,20180802,scully thomas,90445418000483,,male,135376051.0
2337553.0,100000.0,1320414,select medical holdings corp,1,0,0,0,20180802,carson russell l,90445418000485,,male,135376051.0
30000.0,,1320414,select medical holdings corp,1,0,0,0,20180802,paz harold l,117911018010155,,male,135376051.0
235028.0,,1320414,select medical holdings corp,1,0,0,0,20180802,swergold leopold,117911018010157,,male,135376051.0
210374.0,,1320414,select medical holdings corp,1,0,0,0,20180802,frist william h.,117911018010158,,male,135376051.0
7022496.0,4945657.0,1320414,select medical holdings corp,1,1,0,0,20180802,ortenzio robert a,117911018010161,Exec. Chairman and Co-Founder,male,135376051.0
979815.0,,1320414,select medical holdings corp,0,1,0,0,20180802,chernow david s,117911018010162,President and CEO,male,135376051.0
1047143.0,9092049.0,1320414,select medical holdings corp,1,1,0,0,20180802,ortenzio rocco a,117911018010164,Vice Chairman and Co-Founder,male,135376051.0
440044.0,,1320414,select medical holdings corp,0,1,0,0,20180802,tarvin michael e,117911018010165,Executive Vice President,male,135376051.0
1734238.0,10536.0,1320414,select medical holdings corp,0,1,0,0,20180802,jackson martin f,117911018010168,Executive Vice President,male,135376051.0
456161.0,,1320414,select medical holdings corp,0,1,0,0,20180802,saich john a.,117911018010170,Executive Vice President,male,135376051.0
23359.0,613850.0,1320414,select medical holdings corp,1,0,0,0,20180802,cressey bryan c,117911018010152,,male,135376051.0
94779.0,,1320414,select medical holdings corp,1,0,0,0,20180802,ely james s. iii,117911018010153,,male,135376051.0
423551.0,,1320414,select medical holdings corp,0,1,0,0,20180807,saich john a.,117911018010360,Executive Vice President,male,135376051.0
1667968.0,7902.0,1320414,select medical holdings corp,0,1,0,0,20180807,jackson martin f,117911018010361,Executive Vice President,male,135376051.0
850253.0,,1320414,select medical holdings corp,0,1,0,0,20180807,chernow david s,117911018010362,President and CEO,male,135376051.0
7012094.0,4945657.0,1320414,select medical holdings corp,1,1,0,0,20180807,ortenzio robert a,117911018010363,Exec. Chairman and Co-Founder,male,135376051.0
355957.0,,1320414,select medical holdings corp,0,1,0,0,20180807,tarvin michael e,117911018010359,Executive Vice President,male,135376051.0
811640.0,,1320414,select medical holdings corp,0,1,0,0,20180809,chernow david s,117911018010448,President and CEO,male,135376051.0
6998271.0,4945657.0,1320414,select medical holdings corp,1,1,0,0,20180831,ortenzio robert a,117911018011033,Exec. Chairman and Co-Founder,male,135376051.0
2087553.0,100000.0,1320414,select medical holdings corp,1,0,0,0,20180907,carson russell l,90445418000553,,male,135376051.0
,9092049.0,1320414,select medical holdings corp,1,1,0,0,20180917,ortenzio rocco a,117911018011463,Vice Chairman and Co-Founder,male,135376051.0
,4654889.0,1320414,select medical holdings corp,1,1,0,0,20180917,ortenzio robert a,117911018011462,Exec. Chairman and Co-Founder,male,135376051.0
176091.0,,1320414,select medical holdings corp,0,1,0,0,20181031,romberger scott a,117911018012419,Senior Vice President,male,135331864.0
235571.0,,1320414,select medical holdings corp,1,0,0,0,20181102,swergold leopold,117911018012499,,male,135331864.0
211460.0,,1320414,select medical holdings corp,1,0,0,0,20181102,frist william h.,117911018012498,,male,135331864.0
95865.0,,1320414,select medical holdings corp,1,0,0,0,20181102,ely james s. iii,117911018012497,,male,135331864.0
24445.0,613850.0,1320414,select medical holdings corp,1,0,0,0,20181102,cressey bryan c,117911018012496,,male,135331864.0
158964.0,,1320414,select medical holdings corp,0,1,0,0,20181107,romberger scott a,117911018012646,Senior Vice President,male,135331864.0
1567968.0,10536.0,1320414,select medical holdings corp,0,1,0,0,20181107,jackson martin f,117911018012644,Executive Vice President,male,135331864.0
7190463.0,4654889.0,1320414,select medical holdings corp,1,1,0,0,20181108,ortenzio robert a,117911018012696,Exec. Chairman and Co-Founder,male,135331864.0
95865.0,,1320414,select medical holdings corp,1,0,0,0,20181108,ely james s. iii,117911018012679,,male,135331864.0
7189823.0,4654889.0,1320414,select medical holdings corp,1,1,0,0,20181113,ortenzio robert a,117911018012787,Exec. Chairman and Co-Founder,male,135331864.0
155964.0,,1320414,select medical holdings corp,0,1,0,0,20181113,romberger scott a,117911018012738,Senior Vice President,male,135331864.0
1040000.0,100000.0,1320414,select medical holdings corp,1,0,0,0,20181206,carson russell l,90445418000779,,male,135331864.0
236147.0,,1320414,select medical holdings corp,1,0,0,0,20190219,swergold leopold,117911019002116,,male,135262167.0
25597.0,583850.0,1320414,select medical holdings corp,1,0,0,0,20190219,cressey bryan c,117911019002117,,male,135262167.0
212612.0,,1320414,select medical holdings corp,1,0,0,0,20190219,frist william h.,117911019002118,,male,135262167.0
97017.0,,1320414,select medical holdings corp,1,0,0,0,20190219,ely james s. iii,117911019002119,,male,135262167.0
5318374.0,4079864.0,1320414,select medical holdings corp,1,1,0,0,20190318,ortenzio rocco a,117911019003998,Vice Chairman and Co-Founder,male,135262167.0
29624.0,,1320414,select medical holdings corp,0,1,0,0,20190430,breighner robert g. jr,117911019005313,"Vice President, Compliance",male,135416312.0
26850.0,583850.0,1320414,select medical holdings corp,1,0,0,0,20190502,cressey bryan c,117911019005485,,male,135416312.0
236773.0,,1320414,select medical holdings corp,1,0,0,0,20190502,swergold leopold,117911019005484,,male,135416312.0
213865.0,,1320414,select medical holdings corp,1,0,0,0,20190502,frist william h.,117911019005483,,male,135416312.0
98270.0,,1320414,select medical holdings corp,1,0,0,0,20190502,ely james s. iii,117911019005482,,male,135416312.0
36624.0,,1320414,select medical holdings corp,0,1,0,0,20190502,breighner robert g. jr,117911019005486,"Vice President, Compliance",male,135416312.0
1050000.0,100000.0,1320414,select medical holdings corp,1,0,0,0,20190731,carson russell l,90445419000586,,male,135620857.0
163389.0,,1320414,select medical holdings corp,1,0,0,0,20190731,scully thomas,90445419000588,,male,135620857.0
498551.0,,1320414,select medical holdings corp,0,1,0,0,20190801,saich john a.,117911019008975,Executive Vice President,male,135620857.0
20000.0,,1320414,select medical holdings corp,1,0,0,0,20190801,tavenner marilyn b,117911019008969,,female,135620857.0
247310.0,,1320414,select medical holdings corp,1,0,0,0,20190801,swergold leopold,117911019008970,,male,135620857.0
224938.0,,1320414,select medical holdings corp,1,0,0,0,20190801,frist william h.,117911019008971,,male,135620857.0
109343.0,,1320414,select medical holdings corp,1,0,0,0,20190801,ely james s. iii,117911019008973,,male,135620857.0
37923.0,583850.0,1320414,select medical holdings corp,1,0,0,0,20190801,cressey bryan c,117911019008974,,male,135620857.0
455957.0,,1320414,select medical holdings corp,0,1,0,0,20190801,tarvin michael e,117911019008982,Executive Vice President,male,135620857.0
1717968.0,10536.0,1320414,select medical holdings corp,0,1,0,0,20190801,jackson martin f,117911019008977,Executive Vice President,male,135620857.0
1061640.0,,1320414,select medical holdings corp,0,1,0,0,20190801,chernow david s,117911019008978,President and CEO,male,135620857.0
7439823.0,4654889.0,1320414,select medical holdings corp,1,1,0,0,20190801,ortenzio robert a,117911019008979,Exec. Chairman and Co-Founder,male,135620857.0
1197143.0,9398238.0,1320414,select medical holdings corp,1,1,0,0,20190801,ortenzio rocco a,117911019008980,Vice Chairman and Co-Founder,male,135620857.0
411777.0,,1320414,select medical holdings corp,0,1,0,0,20190805,tarvin michael e,117911019009163,Executive Vice President,male,135620857.0
1651698.0,10536.0,1320414,select medical holdings corp,0,1,0,0,20190805,jackson martin f,117911019009162,Executive Vice President,male,135620857.0
465941.0,,1320414,select medical holdings corp,0,1,0,0,20190805,saich john a.,117911019009161,Executive Vice President,male,135620857.0
33035.0,,1320414,select medical holdings corp,0,1,0,0,20190805,breighner robert g. jr,117911019009160,"Vice President, Compliance",male,135620857.0
973280.0,,1320414,select medical holdings corp,0,1,0,0,20190805,chernow david s,117911019009164,President and CEO,male,135620857.0
146620.0,,1320414,select medical holdings corp,0,1,0,0,20190910,romberger scott a,117911019010210,Senior Vice President,male,135620857.0
,9398238.0,1320414,select medical holdings corp,1,1,0,0,20191025,ortenzio rocco a,117911019011232,Vice Chairman and Co-Founder,male,134171529.0
164500.0,,1320414,select medical holdings corp,0,1,0,0,20191029,romberger scott a,117911019011268,Senior Vice President,male,134171529.0
110353.0,,1320414,select medical holdings corp,1,0,0,0,20191030,ely james s. iii,117911019011308,,male,134171529.0
38933.0,583850.0,1320414,select medical holdings corp,1,0,0,0,20191030,cressey bryan c,117911019011309,,male,134171529.0
247815.0,,1320414,select medical holdings corp,1,0,0,0,20191030,swergold leopold,117911019011306,,male,134171529.0
225948.0,,1320414,select medical holdings corp,1,0,0,0,20191030,frist william h.,117911019011307,,male,134171529.0
894086.0,,1320414,select medical holdings corp,0,1,0,0,20191031,chernow david s,117911019011334,President and CEO,male,134326112.0
861640.0,,1320414,select medical holdings corp,0,1,0,0,20191101,chernow david s,117911019011359,President and CEO,male,134326112.0
,5454889.0,1320414,select medical holdings corp,1,1,0,0,20191104,ortenzio robert a,117911019011383,Exec. Chairman and Co-Founder,male,134326112.0
154500.0,,1320414,select medical holdings corp,0,1,0,0,20191106,romberger scott a,117911019011504,Senior Vice President,male,134326112.0
6551444.0,5454889.0,1320414,select medical holdings corp,1,1,0,0,20191108,ortenzio robert a,117911019011580,Exec. Chairman and Co-Founder,male,134326112.0
6466409.0,5454889.0,1320414,select medical holdings corp,1,1,0,0,20191113,ortenzio robert a,117911019011662,Exec. Chairman and Co-Founder,male,134326112.0
6263264.0,5454889.0,1320414,select medical holdings corp,1,1,0,0,20191115,ortenzio robert a,117911019011759,Exec. Chairman and Co-Founder,male,134326112.0
151500.0,,1320414,select medical holdings corp,0,1,0,0,20191119,romberger scott a,117911019011880,Senior Vice President,male,134326112.0
356777.0,,1320414,select medical holdings corp,0,1,0,0,20191119,tarvin michael e,117911019011879,Executive Vice President,male,134326112.0
,9398238.0,1320414,select medical holdings corp,1,1,0,0,20191202,ortenzio rocco a,117911019012193,Vice Chairman and Co-Founder,male,134326112.0
56669.0,5013658.0,1320414,select medical holdings corp,1,1,0,0,20191202,ortenzio robert a,117911019012194,Exec. Chairman and Co-Founder,male,134326112.0
197815.0,,1320414,select medical holdings corp,1,0,0,0,20191203,swergold leopold,117911019012297,,male,134326112.0
797143.0,9798238.0,1320414,select medical holdings corp,1,1,0,0,20200114,ortenzio rocco a,117911020000537,Vice Chairman and Co-Founder,male,134328112.0
6404495.0,5770327.0,1320414,select medical holdings corp,1,1,0,0,20200114,ortenzio robert a,117911020000538,Exec. Chairman and Co-Founder,male,134328112.0
226668.0,,1320414,select medical holdings corp,1,0,0,0,20200213,frist william h.,117911020001548,,male,134313112.0
111073.0,,1320414,select medical holdings corp,1,0,0,0,20200213,ely james s. iii,117911020001549,,male,134313112.0
39653.0,583850.0,1320414,select medical holdings corp,1,0,0,0,20200213,cressey bryan c,117911020001550,,male,134313112.0
6393036.0,5770327.0,1320414,select medical holdings corp,1,1,0,0,20200226,ortenzio robert a,117911020002401,Exec. Chairman and Co-Founder,male,134313112.0
6093036.0,6070327.0,1320414,select medical holdings corp,1,1,0,0,20200320,ortenzio robert a,117911020004031,Exec. Chairman and Co-Founder,male,134313112.0
697143.0,9898238.0,1320414,select medical holdings corp,1,1,0,0,20200320,ortenzio rocco a,117911020004032,Vice Chairman and Co-Founder,male,134313112.0
31075.0,,1320414,select medical holdings corp,0,1,0,0,20200427,breighner robert g. jr,117911020005147,"Vice President, Compliance",male,133823713.0
38075.0,,1320414,select medical holdings corp,0,1,0,0,20200429,breighner robert g. jr,117911020005273,"Vice President, Compliance",male,133823713.0
227770.0,,1320414,select medical holdings corp,1,0,0,0,20200429,frist william h.,117911020005270,,male,133823713.0
112175.0,,1320414,select medical holdings corp,1,0,0,0,20200429,ely james s. iii,117911020005271,,male,133823713.0
40755.0,583850.0,1320414,select medical holdings corp,1,0,0,0,20200429,cressey bryan c,117911020005272,,male,133823713.0
1551698.0,10536.0,1320414,select medical holdings corp,0,1,0,0,20200605,jackson martin f,117911020007025,Executive Vice President,male,133977064.0
1060000.0,100000.0,1320414,select medical holdings corp,1,0,0,0,20200730,carson russell l,90445420000526,,male,133970064.0
173389.0,,1320414,select medical holdings corp,1,0,0,0,20200730,scully thomas,90445420000529,,male,133970064.0
5243036.0,7370327.0,1320414,select medical holdings corp,1,1,0,0,20200730,ortenzio robert a,117911020008584,Exec. Chairman and Co-Founder,male,133970064.0
747143.0,9998238.0,1320414,select medical holdings corp,1,1,0,0,20200730,ortenzio rocco a,117911020008587,Vice Chairman and Co-Founder,male,133970064.0
456777.0,,1320414,select medical holdings corp,0,1,0,0,20200730,tarvin michael e,117911020008588,Executive Vice President,male,133970064.0
1111640.0,,1320414,select medical holdings corp,0,1,0,0,20200730,chernow david s,117911020008589,President and CEO,male,133970064.0
540941.0,,1320414,select medical holdings corp,0,1,0,0,20200730,saich john a.,117911020008591,Executive Vice President,male,133970064.0
1701698.0,10536.0,1320414,select medical holdings corp,0,1,0,0,20200730,jackson martin f,117911020008590,Executive Vice President,male,133970064.0
540941.0,,1320414,select medical holdings corp,0,1,0,0,20200730,saich john a.,117911020008593,Executive Vice President,male,133970064.0
30000.0,,1320414,select medical holdings corp,1,0,0,0,20200730,thomas daniel,117911020008595,,male,133970064.0
30000.0,,1320414,select medical holdings corp,1,0,0,0,20200730,tavenner marilyn b,117911020008598,,female,133970064.0
51867.0,583850.0,1320414,select medical holdings corp,1,0,0,0,20200730,cressey bryan c,117911020008599,,male,133970064.0
123287.0,,1320414,select medical holdings corp,1,0,0,0,20200730,ely james s. iii,117911020008600,,male,133970064.0
238882.0,,1320414,select medical holdings corp,1,0,0,0,20200730,frist william h.,117911020008602,,male,133970064.0
540941.0,,1320414,select medical holdings corp,0,1,0,0,20200730,saich john a.,117911020008592,Executive Vice President,male,133970064.0
508331.0,,1320414,select medical holdings corp,0,1,0,0,20200804,saich john a.,117911020008682,Executive Vice President,male,133970064.0
412597.0,,1320414,select medical holdings corp,0,1,0,0,20200804,tarvin michael e,117911020008679,Executive Vice President,male,133970064.0
1635428.0,10536.0,1320414,select medical holdings corp,0,1,0,0,20200804,jackson martin f,117911020008681,Executive Vice President,male,133970064.0
1001190.0,,1320414,select medical holdings corp,0,1,0,0,20200804,chernow david s,117911020008689,President and CEO,male,133970064.0
357597.0,,1320414,select medical holdings corp,0,1,0,0,20200811,tarvin michael e,117911020008879,Executive Vice President,male,133970064.0
141500.0,,1320414,select medical holdings corp,0,1,0,0,20200812,romberger scott a,117911020008972,Senior Vice President,male,133970064.0
847143.0,9898238.0,1320414,select medical holdings corp,1,1,0,0,20200825,ortenzio rocco a,117911020009318,Vice Chairman and Co-Founder,male,133970064.0
166500.0,,1320414,select medical holdings corp,0,1,0,0,20201028,romberger scott a,117911020010697,Senior Vice President,male,134762890.0
52671.0,583850.0,1320414,select medical holdings corp,1,0,0,0,20201028,cressey bryan c,117911020010696,,male,134762890.0
124091.0,,1320414,select medical holdings corp,1,0,0,0,20201028,ely james s. iii,117911020010695,,male,134762890.0
239686.0,,1320414,select medical holdings corp,1,0,0,0,20201028,frist william h.,117911020010694,,male,134762890.0
5418036.0,7095327.0,1320414,select medical holdings corp,1,1,0,0,20201029,ortenzio robert a,117911020010714,Exec. Chairman and Co-Founder,male,134762890.0
159380.0,,1320414,select medical holdings corp,0,1,0,0,20201103,romberger scott a,117911020010744,Senior Vice President,male,134762890.0
33040.0,,1320414,select medical holdings corp,0,1,0,0,20201104,breighner robert g. jr,117911020010829,"Vice President, Compliance",male,134762890.0
149380.0,,1320414,select medical holdings corp,0,1,0,0,20201110,romberger scott a,117911020010966,Senior Vice President,male,134762890.0
889550.0,,1320414,select medical holdings corp,0,1,0,0,20201110,chernow david s,117911020010965,President and CEO,male,134762890.0
146380.0,,1320414,select medical holdings corp,0,1,0,0,20201209,romberger scott a,117911020011795,Senior Vice President,male,134762890.0
52671.0,100000.0,1320414,select medical holdings corp,1,0,0,0,20201216,cressey bryan c,117911020012000,,male,134762890.0
,9898238.0,1320414,select medical holdings corp,1,1,0,0,20201217,ortenzio rocco a,117911020012050,Vice Chairman and Co-Founder,male,134762890.0
,6792483.0,1320414,select medical holdings corp,1,1,0,0,20201217,ortenzio robert a,117911020012051,Exec. Chairman and Co-Founder,male,134762890.0
5250000.0,3542483.0,1320414,select medical holdings corp,1,1,0,0,20201222,ortenzio robert a,117911020012181,Exec. Chairman and Co-Founder,male,134762890.0
1881631.0,6767483.0,1320414,select medical holdings corp,1,1,0,0,20210106,ortenzio robert a,117911021000377,Exec. Chairman and Co-Founder,male,134850735.0
1769000.0,6767483.0,1320414,select medical holdings corp,1,1,0,0,20210108,ortenzio robert a,117911021000477,Exec. Chairman and Co-Founder,male,134850735.0
0.0,9898238.0,1320414,select medical holdings corp,1,1,0,0,20210209,ortenzio rocco a,117911021001434,Vice Chairman and Co-Founder,male,134836735.0
0.0,8536483.0,1320414,select medical holdings corp,1,1,0,0,20210209,ortenzio robert a,117911021001435,Exec. Chairman and Co-Founder,male,134836735.0
53328.0,483850.0,1320414,select medical holdings corp,1,0,0,0,20210218,cressey bryan c,117911021001889,,male,134836735.0
124748.0,,1320414,select medical holdings corp,1,0,0,0,20210218,ely james s. iii,117911021001888,,male,134836735.0
240343.0,,1320414,select medical holdings corp,1,0,0,0,20210218,frist william h.,117911021001887,,male,134836735.0
1649000.0,6767483.0,1320414,select medical holdings corp,1,1,0,0,20210301,ortenzio robert a,117911021002446,Exec. Chairman and Co-Founder,male,134836735.0
1638402.0,6767483.0,1320414,select medical holdings corp,1,1,0,0,20210304,ortenzio robert a,117911021002909,Exec. Chairman and Co-Founder,male,134836735.0
1538985.0,6767483.0,1320414,select medical holdings corp,1,1,0,0,20210310,ortenzio robert a,117911021003221,Exec. Chairman and Co-Founder,male,134836735.0
28000.0,,1320414,select medical holdings corp,1,0,0,0,20210311,tavenner marilyn b,117911021003248,,female,134836735.0
1529000.0,6767483.0,1320414,select medical holdings corp,1,1,0,0,20210312,ortenzio robert a,117911021003298,Exec. Chairman and Co-Founder,male,134836735.0
138500.0,,1320414,select medical holdings corp,0,1,0,0,20210312,romberger scott a,117911021003297,Senior Vice President,male,134836735.0
104748.0,,1320414,select medical holdings corp,1,0,0,0,20210315,ely james s. iii,117911021003433,,male,134836735.0
38058.0,,1320414,select medical holdings corp,0,1,0,0,20210504,breighner robert g. jr,117911021004876,"Vice President, Compliance",male,134838706.0
10000.0,,1320414,select medical holdings corp,1,0,0,0,20210505,davisson katherine r,117911021004932,,female,134838706.0
53799.0,483850.0,1320414,select medical holdings corp,1,0,0,0,20210505,cressey bryan c,117911021004933,,male,134838706.0
105219.0,,1320414,select medical holdings corp,1,0,0,0,20210505,ely james s. iii,117911021004934,,male,134838706.0
240814.0,,1320414,select medical holdings corp,1,0,0,0,20210505,frist william h.,117911021004931,,male,134838706.0
33018.0,,1320414,select medical holdings corp,0,1,0,0,20210511,breighner robert g. jr,117911021005181,"Vice President, Compliance",male,134838706.0
1385428.0,10536.0,1320414,select medical holdings corp,0,1,0,0,20210525,jackson martin f,117911021005900,Executive Vice President,male,134838706.0
90000.0,383850.0,1320414,select medical holdings corp,1,0,0,0,20210526,cressey bryan c,117911021005976,,male,134838706.0
95674.0,,1320414,select medical holdings corp,0,1,0,0,20210526,mullin thomas p,117911021005977,Executive Vice President,male,134838706.0
1185428.0,10536.0,1320414,select medical holdings corp,0,1,0,0,20210528,jackson martin f,117911021006064,Executive Vice President,male,134838706.0
80000.0,383850.0,1320414,select medical holdings corp,1,0,0,0,20210528,cressey bryan c,117911021006062,,male,134838706.0
1135428.0,10536.0,1320414,select medical holdings corp,0,1,0,0,20210601,jackson martin f,117911021006152,Executive Vice President,male,134838706.0
0.0,13646375.0,1320414,select medical holdings corp,1,1,0,0,20210608,ortenzio rocco a,117911021006487,Vice Chairman and Co-Founder,male,134838706.0
70000.0,383850.0,1320414,select medical holdings corp,1,0,0,0,20210616,cressey bryan c,117911021006795,,male,134838706.0
1035428.0,10536.0,1320414,select medical holdings corp,0,1,0,0,20210617,jackson martin f,117911021006839,Executive Vice President,male,134838706.0
0.0,13589707.0,1320414,select medical holdings corp,1,1,0,0,20210617,ortenzio rocco a,117911021006838,Vice Chairman and Co-Founder,male,134838706.0
0.0,,1320414,select medical holdings corp,1,0,0,0,20210708,carson russell l,90445421000581,,male,135005369.0
781248.0,13589707.0,1320414,select medical holdings corp,1,1,0,0,20210803,ortenzio rocco a,117911021007865,Vice Chairman and Co-Founder,male,134576139.0
4867055.0,8296483.0,1320414,select medical holdings corp,1,1,0,0,20210803,ortenzio robert a,117911021007866,Exec. Chairman and Co-Founder,male,134576139.0
779100.0,,1320414,select medical holdings corp,0,1,0,0,20210803,chernow david s,117911021007867,President and CEO,male,134576139.0
969158.0,10536.0,1320414,select medical holdings corp,0,1,0,0,20210803,jackson martin f,117911021007869,Executive Vice President,male,134576139.0
475721.0,,1320414,select medical holdings corp,0,1,0,0,20210803,saich john a.,117911021007870,Executive Vice President,male,134576139.0
255820.0,,1320414,select medical holdings corp,0,1,0,0,20210803,tarvin michael e,117911021007863,Executive Vice President,male,134576139.0
1066000.0,,1320414,select medical holdings corp,1,0,0,0,20210804,carson russell l,90445421000604,,male,134576139.0
179389.0,,1320414,select medical holdings corp,1,0,0,0,20210804,scully thomas,90445421000606,,male,134576139.0
34000.0,,1320414,select medical holdings corp,1,0,0,0,20210805,tavenner marilyn b,117911021007956,,female,134576139.0
335820.0,,1320414,select medical holdings corp,0,1,0,0,20210805,tarvin michael e,117911021007955,Executive Vice President,male,134576139.0
901248.0,13589707.0,1320414,select medical holdings corp,1,1,0,0,20210805,ortenzio rocco a,117911021007952,Vice Chairman and Co-Founder,male,134576139.0
5067055.0,8296483.0,1320414,select medical holdings corp,1,1,0,0,20210805,ortenzio robert a,117911021007950,Exec. Chairman and Co-Founder,male,134576139.0
170674.0,,1320414,select medical holdings corp,0,1,0,0,20210805,mullin thomas p,117911021007948,Executive Vice President,male,134576139.0
1089158.0,10536.0,1320414,select medical holdings corp,0,1,0,0,20210805,jackson martin f,117911021007946,Executive Vice President,male,134576139.0
247268.0,,1320414,select medical holdings corp,1,0,0,0,20210805,frist william h.,117911021007945,,male,134576139.0
111673.0,,1320414,select medical holdings corp,1,0,0,0,20210805,ely james s. iii,117911021007942,,male,134576139.0
535721.0,,1320414,select medical holdings corp,0,1,0,0,20210805,saich john a.,117911021007953,Executive Vice President,male,134576139.0
16000.0,,1320414,select medical holdings corp,1,0,0,0,20210805,davisson katherine r,117911021007941,,female,134576139.0
60253.0,453850.0,1320414,select medical holdings corp,1,0,0,0,20210805,cressey bryan c,117911021007938,,male,134576139.0
36000.0,,1320414,select medical holdings corp,1,0,0,0,20210805,thomas daniel,117911021007957,,male,134576139.0
979100.0,,1320414,select medical holdings corp,0,1,0,0,20210805,chernow david s,117911021007937,President and CEO,male,134576139.0
24000.0,,1320414,select medical holdings corp,1,0,0,0,20210811,tavenner marilyn b,117911021008129,,female,134576139.0
839550.0,,1320414,select medical holdings corp,0,1,0,0,20210811,chernow david s,117911021008128,President and CEO,male,134576139.0
5214963.0,8148575.0,1320414,select medical holdings corp,1,1,0,0,20210830,ortenzio robert a,117911021008480,Exec. Chairman and Co-Founder,male,134576139.0
901248.0,13589707.0,1320414,select medical holdings corp,1,1,0,0,20210830,ortenzio rocco a,117911021008479,Vice Chairman and Co-Founder,male,134576139.0
6354.0,,1320414,select medical holdings corp,1,0,0,0,20211103,khanuja parvinderjit s.,117911021009840,,male,134144993.0
156380.0,,1320414,select medical holdings corp,0,1,0,0,20211103,romberger scott a,117911021009838,Senior Vice President,male,134144993.0
166312.0,,1320414,select medical holdings corp,0,1,0,0,20211103,mullin thomas p,117911021009837,Executive Vice President,male,134144993.0
247799.0,,1320414,select medical holdings corp,1,0,0,0,20211103,frist william h.,117911021009836,,male,134144993.0
112204.0,,1320414,select medical holdings corp,1,0,0,0,20211103,ely james s. iii,117911021009835,,male,134144993.0
60784.0,453850.0,1320414,select medical holdings corp,1,0,0,0,20211103,cressey bryan c,117911021009834,,male,134144993.0
59389.0,,1320414,select medical holdings corp,1,0,0,0,20211109,scully thomas,90445421000769,,male,134144993.0
5450174.0,8131640.0,1320414,select medical holdings corp,1,1,0,0,20211110,ortenzio robert a,117911021010052,Exec. Chairman and Co-Founder,male,134144993.0
901248.0,13589707.0,1320414,select medical holdings corp,1,1,0,0,20211110,ortenzio rocco a,117911021010051,Vice Chairman and Co-Founder,male,134144993.0
0.0,13371432.0,1320414,select medical holdings corp,1,1,0,0,20211209,ortenzio rocco a,117911021010789,Vice Chairman and Co-Founder,male,134144993.0
29389.0,,1320414,select medical holdings corp,1,0,0,0,20211215,scully thomas,90445421000836,,male,134144993.0
61529.0,453850.0,1320414,select medical holdings corp,1,0,0,0,20220218,cressey bryan c,117911022001445,,male,133884817.0
112949.0,,1320414,select medical holdings corp,1,0,0,0,20220218,ely james s. iii,117911022001446,,male,133884817.0
248544.0,,1320414,select medical holdings corp,1,0,0,0,20220218,frist william h.,117911022001449,,male,133884817.0
7099.0,,1320414,select medical holdings corp,1,0,0,0,20220218,khanuja parvinderjit s.,117911022001450,,male,133884817.0
31044.0,,1320414,select medical holdings corp,0,1,0,0,20220502,breighner robert g. jr,117911022002771,"Vice President, Compliance",male,130627340.0
113727.0,,1320414,select medical holdings corp,1,0,0,0,20220505,ely james s. iii,117911022002859,,male,130627340.0
7877.0,,1320414,select medical holdings corp,1,0,0,0,20220505,khanuja parvinderjit s.,117911022002857,,male,130627340.0
62307.0,453850.0,1320414,select medical holdings corp,1,0,0,0,20220505,cressey bryan c,117911022002856,,male,130627340.0
38044.0,,1320414,select medical holdings corp,0,1,0,0,20220505,breighner robert g. jr,117911022002855,"Vice President, Compliance",male,130627340.0
249322.0,,1320414,select medical holdings corp,1,0,0,0,20220505,frist william h.,117911022002858,,male,130627340.0
1076000.0,,1320414,select medical holdings corp,1,0,0,0,20220802,carson russell l,90445422000404,,male,125916075.0
69389.0,,1320414,select medical holdings corp,1,0,0,0,20220802,scully thomas,90445422000406,,male,125916075.0
729100.0,,1320414,select medical holdings corp,false,true,false,false,20220802,chernow david s,141588922008144,PRESIDENT AND CEO,male,125916075.0
503111.0,,1320414,select medical holdings corp,false,true,false,false,20220802,saich john a.,141588922008146,EXECUTIVE VICE PRESIDENT,male,125916075.0
291640.0,,1320414,select medical holdings corp,false,true,false,false,20220802,tarvin michael e,141588922008148,EXECUTIVE VICE PRESIDENT,male,125916075.0
1022888.0,,1320414,select medical holdings corp,false,true,false,false,20220802,jackson martin f,141588922008151,EXECUTIVE VICE PRESIDENT,male,125916075.0
72913.0,453850.0,1320414,select medical holdings corp,true,false,false,false,20220803,cressey bryan c,141588922008227,,male,125916075.0
259928.0,,1320414,select medical holdings corp,true,false,false,false,20220803,frist william h.,141588922008229,,male,125916075.0
124333.0,,1320414,select medical holdings corp,true,false,false,false,20220803,ely james s. iii,141588922008228,,male,125916075.0
26000.0,,1320414,select medical holdings corp,true,false,false,false,20220803,davisson katherine r,141588922008226,,female,125916075.0
34000.0,,1320414,select medical holdings corp,true,false,false,false,20220803,tavenner marilyn b,141588922008225,,female,125916075.0
46000.0,,1320414,select medical holdings corp,true,false,false,false,20220803,thomas daniel,141588922008224,,male,125916075.0
18483.0,,1320414,select medical holdings corp,true,false,false,false,20220803,khanuja parvinderjit s.,141588922008223,,male,125916075.0
241312.0,,1320414,select medical holdings corp,false,true,false,false,20220803,mullin thomas p,141588922008218,EXECUTIVE VICE PRESIDENT,male,125916075.0
578111.0,,1320414,select medical holdings corp,false,true,false,false,20220803,saich john a.,141588922008217,EXECUTIVE VICE PRESIDENT,male,125916075.0
5700174.0,8131640.0,1320414,select medical holdings corp,false,true,false,false,20220803,ortenzio robert a,141588922008216,EXECUTIVE CHAIRMAN,male,125916075.0
1051248.0,13371432.0,1320414,select medical holdings corp,false,true,false,false,20220803,ortenzio rocco a,141588922008215,EXECUTIVE CHAIRMAN,male,125916075.0
391640.0,,1320414,select medical holdings corp,false,true,false,false,20220803,tarvin michael e,141588922008214,EXECUTIVE VICE PRESIDENT,male,125916075.0
1172888.0,10536.0,1320414,select medical holdings corp,false,true,false,false,20220803,jackson martin f,141588922008211,EXECUTIVE VICE PRESIDENT,male,125916075.0
979100.0,,1320414,select medical holdings corp,false,true,false,false,20220803,chernow david s,141588922008210,PRESIDENT AND CEO,male,125916075.0
6181905.0,6686445.0,1320414,select medical holdings corp,true,true,false,false,20220816,ortenzio robert a,141588922008728,EXECUTIVE CHAIRMAN,male,125916075.0
0.0,11926237.0,1320414,select medical holdings corp,true,true,false,false,20220816,ortenzio rocco a,141588922008729,EXECUTIVE CHAIRMAN,male,125916075.0
346369.0,7666393.0,1320414,select medical holdings corp,true,true,false,false,20220923,ortenzio rocco a,141588922009909,EXECUTIVE CHAIRMAN,male,125916075.0
621313.0,5333805.0,1320414,select medical holdings corp,true,true,false,false,20220923,ortenzio robert a,141588922009908,EXECUTIVE CHAIRMAN,male,125916075.0
230292.0,,1320414,select medical holdings corp,false,true,false,false,20221102,mullin thomas p,141588922011016,EXECUTIVE VICE PRESIDENT,male,126983615.0
174087.0,,1320414,select medical holdings corp,false,true,false,false,20221102,romberger scott a,141588922011017,SENIOR VICE PRESIDENT,male,126983615.0
260617.0,,1320414,select medical holdings corp,true,false,false,false,20221103,frist william h.,141588922011072,,male,126983615.0
19172.0,,1320414,select medical holdings corp,true,false,false,false,20221103,khanuja parvinderjit s.,141588922011073,,male,126983615.0
73602.0,453850.0,1320414,select medical holdings corp,true,false,false,false,20221103,cressey bryan c,141588922011070,,male,126983615.0
125022.0,,1320414,select medical holdings corp,true,false,false,false,20221103,ely james s. iii,141588922011071,,male,126983615.0
261219.0,,1320414,select medical holdings corp,true,false,false,false,20230216,frist william h.,141588923002705,,male,127173871.0
19774.0,,1320414,select medical holdings corp,true,false,false,false,20230216,khanuja parvinderjit s.,141588923002707,,male,127173871.0
74204.0,453850.0,1320414,select medical holdings corp,true,false,false,false,20230216,cressey bryan c,141588923002708,,male,127173871.0
125624.0,,1320414,select medical holdings corp,true,false,false,false,20230216,ely james s. iii,141588923002706,,male,127173871.0
839550.0,,1320414,select medical holdings corp,false,true,false,false,20230228,chernow david s,141588923003535,PRESIDENT AND CEO,male,127173871.0
0.0,7220355.0,1320414,select medical holdings corp,true,true,false,false,20230308,ortenzio rocco a,141588923004509,EXECUTIVE CHAIRMAN,male,127173871.0
0.0,6175050.0,1320414,select medical holdings corp,true,true,false,false,20230308,ortenzio robert a,141588923004510,EXECUTIVE CHAIRMAN,male,127173871.0
43033.0,,1320414,select medical holdings corp,false,true,false,false,20230502,breighner robert g. jr,141588923007112,"VICE PRESIDENT, COMPLIANCE",male,127126909.0
74819.0,453850.0,1320414,select medical holdings corp,true,false,false,false,20230503,cressey bryan c,141588923007236,,male,127126909.0
126239.0,,1320414,select medical holdings corp,true,false,false,false,20230503,ely james s. iii,141588923007237,,male,127126909.0
261834.0,,1320414,select medical holdings corp,true,false,false,false,20230503,frist william h.,141588923007238,,male,127126909.0
20389.0,,1320414,select medical holdings corp,true,false,false,false,20230503,khanuja parvinderjit s.,141588923007240,,male,127126909.0
1412967.0,4646050.0,1320414,select medical holdings corp,true,true,false,false,20230509,ortenzio robert a,141588923007696,EXECUTIVE CHAIRMAN,male,127126909.0
32989.0,,1320414,select medical holdings corp,false,true,false,false,20230509,breighner robert g. jr,141588923007695,"VICE PRESIDENT, COMPLIANCE",male,127126909.0
6939668.0,6059017.0,1320414,select medical holdings corp,true,true,false,false,20230609,ortenzio robert a,141588923009516,EXECUTIVE CHAIRMAN,male,127126909.0
1379000.0,4646050.0,1320414,select medical holdings corp,true,true,false,false,20230622,ortenzio robert a,141588923010169,EXECUTIVE CHAIRMAN,male,127126909.0
1279000.0,4646050.0,1320414,select medical holdings corp,true,true,false,false,20230630,ortenzio robert a,141588923010489,EXECUTIVE CHAIRMAN,male,127387869.0
6889668.0,5925050.0,1320414,select medical holdings corp,true,true,false,false,20230711,ortenzio robert a,141588923011033,EXECUTIVE CHAIRMAN,male,127387869.0
729075.0,,1320414,select medical holdings corp,false,true,false,false,20230731,chernow david s,141588923011626,PRESIDENT AND CEO,male,127143417.0
1111074.0,10536.0,1320414,select medical holdings corp,false,true,false,false,20230731,jackson martin f,141588923011628,EXECUTIVE VICE PRESIDENT,male,127143417.0
545493.0,,1320414,select medical holdings corp,false,true,false,false,20230731,saich john a.,141588923011629,EXECUTIVE VICE PRESIDENT,male,127143417.0
352095.0,,1320414,select medical holdings corp,false,true,false,false,20230731,tarvin michael e,141588923011630,EXECUTIVE VICE PRESIDENT,male,127143417.0
30991.0,,1320414,select medical holdings corp,true,false,false,false,20230802,khanuja parvinderjit s.,141588923011755,,male,127143417.0
56000.0,,1320414,select medical holdings corp,true,false,false,false,20230802,thomas daniel,141588923011756,,male,127143417.0
75035.0,453850.0,1320414,select medical holdings corp,true,false,false,false,20230802,cressey bryan c,141588923011759,,male,127143417.0
1086000.0,,1320414,select medical holdings corp,1,0,0,0,20230802,carson russell l,90445423000453,,male,127143417.0
305292.0,,1320414,select medical holdings corp,false,true,false,false,20230802,mullin thomas p,141588923011751,EXECUTIVE VICE PRESIDENT,male,127143417.0
437365.0,,1320414,select medical holdings corp,false,true,false,false,20230802,tarvin michael e,141588923011742,EXECUTIVE VICE PRESIDENT,male,127143417.0
1238979.0,10536.0,1320414,select medical holdings corp,false,true,false,false,20230802,jackson martin f,141588923011743,EXECUTIVE VICE PRESIDENT,male,127143417.0
942250.0,,1320414,select medical holdings corp,false,true,false,false,20230802,chernow david s,141588923011744,PRESIDENT AND CEO,male,127143417.0
7139668.0,5925050.0,1320414,select medical holdings corp,true,true,false,false,20230802,ortenzio robert a,141588923011747,EXECUTIVE CHAIRMAN,male,127143417.0
570000.0,7220355.0,1320414,select medical holdings corp,true,true,false,false,20230802,ortenzio rocco a,141588923011749,EXECUTIVE CHAIRMAN,male,127143417.0
620493.0,,1320414,select medical holdings corp,false,true,false,false,20230802,saich john a.,141588923011750,EXECUTIVE VICE PRESIDENT,male,127143417.0
44000.0,,1320414,select medical holdings corp,true,false,false,false,20230802,tavenner marilyn b,141588923011758,,female,127143417.0
36000.0,,1320414,select medical holdings corp,true,false,false,false,20230802,davisson katherine r,141588923011752,,female,127143417.0
136841.0,,1320414,select medical holdings corp,true,false,false,false,20230802,ely james s. iii,141588923011753,,male,127143417.0
272436.0,,1320414,select medical holdings corp,true,false,false,false,20230802,frist william h.,141588923011754,,male,127143417.0
79389.0,,1320414,select medical holdings corp,1,0,0,0,20230802,scully thomas,90445423000455,,male,127143417.0
7089668.0,5925050.0,1320414,select medical holdings corp,true,true,false,false,20230809,ortenzio robert a,141588923011985,EXECUTIVE CHAIRMAN,male,127143417.0
7039668.0,5925050.0,1320414,select medical holdings corp,true,true,false,false,20230911,ortenzio robert a,141588923013143,EXECUTIVE CHAIRMAN,male,127143417.0
294269.0,,1320414,select medical holdings corp,false,true,false,false,20231031,mullin thomas p,141588923014622,CO-PRESIDENT,male,128213538.0
101312.0,,1320414,select medical holdings corp,false,true,false,false,20231031,malatesta michael f,141588923014623,CHIEF FINANCIAL OFFICER,male,128213538.0
25000.0,,1320414,select medical holdings corp,false,true,false,false,20231103,weigl christopher,141588923014743,CHIEF ACCOUNTING OFFICER,male,128213538.0
137639.0,,1320414,select medical holdings corp,true,false,false,false,20231103,ely james s. iii,141588923014738,,male,128213538.0
273234.0,,1320414,select medical holdings corp,true,false,false,false,20231103,frist william h.,141588923014740,,male,128213538.0
31789.0,,1320414,select medical holdings corp,true,false,false,false,20231103,khanuja parvinderjit s.,141588923014741,,male,128213538.0
126312.0,,1320414,select medical holdings corp,false,true,false,false,20231103,malatesta michael f,141588923014742,CHIEF FINANCIAL OFFICER,male,128213538.0
6939668.0,5925050.0,1320414,select medical holdings corp,true,true,false,false,20231214,ortenzio robert a,141588923016490,EXECUTIVE CHAIRMAN,male,128213538.0
6839668.0,5925050.0,1320414,select medical holdings corp,true,true,false,false,20240109,ortenzio robert a,141588924000855,EXECUTIVE CHAIRMAN,male,128369492.0
6789668.0,5925050.0,1320414,select medical holdings corp,true,true,false,false,20240209,ortenzio robert a,141588924003184,EXECUTIVE CHAIRMAN,male,128361492.0
273904.0,,1320414,select medical holdings corp,true,false,false,false,20240213,frist william h.,141588924003604,,male,128361492.0
32459.0,,1320414,select medical holdings corp,true,false,false,false,20240213,khanuja parvinderjit s.,141588924003601,,male,128361492.0
6739668.0,5925050.0,1320414,select medical holdings corp,true,true,false,false,20240311,ortenzio robert a,141588924007517,EXECUTIVE CHAIRMAN,male,128361492.0
6689668.0,5925050.0,1320414,select medical holdings corp,true,true,false,false,20240410,ortenzio robert a,141588924010655,EXECUTIVE CHAIRMAN,male,128357832.0
670000.0,7220355.0,1320414,select medical holdings corp,true,true,false,false,20240501,ortenzio rocco a,141588924011922,EXECUTIVE CHAIRMAN,male,130031562.0
46000.0,,1320414,select medical holdings corp,true,false,false,false,20240501,davisson katherine r,141588924011919,,female,130031562.0
147639.0,,1320414,select medical holdings corp,true,false,false,false,20240501,ely james s. iii,141588924011920,,male,130031562.0
54000.0,,1320414,select medical holdings corp,true,false,false,false,20240501,tavenner marilyn b,141588924011921,,female,130031562.0
284538.0,,1320414,select medical holdings corp,true,false,false,false,20240501,frist william h.,141588924011923,,male,130031562.0
43093.0,,1320414,select medical holdings corp,true,false,false,false,20240501,khanuja parvinderjit s.,141588924011924,,male,130031562.0
66000.0,,1320414,select medical holdings corp,true,false,false,false,20240501,thomas daniel,141588924011925,,male,130031562.0
1172250.0,,1320414,select medical holdings corp,false,true,false,false,20240501,chernow david s,141588924011927,PRESIDENT AND CEO,male,130031562.0
529365.0,,1320414,select medical holdings corp,false,true,false,false,20240501,tarvin michael e,141588924011928,EXECUTIVE VICE PRESIDENT,male,130031562.0
720493.0,,1320414,select medical holdings corp,false,true,false,false,20240501,saich john a.,141588924011929,EXECUTIVE VICE PRESIDENT,male,130031562.0
394269.0,,1320414,select medical holdings corp,false,true,false,false,20240501,mullin thomas p,141588924011930,CO-PRESIDENT,male,130031562.0
1376979.0,10536.0,1320414,select medical holdings corp,false,true,false,false,20240501,jackson martin f,141588924011931,EXECUTIVE VICE PRESIDENT,male,130031562.0
201312.0,,1320414,select medical holdings corp,false,true,false,false,20240501,malatesta michael f,141588924011932,CHIEF FINANCIAL OFFICER,male,130031562.0
40000.0,,1320414,select medical holdings corp,false,true,false,false,20240501,weigl christopher,141588924011933,CHIEF ACCOUNTING OFFICER,male,130031562.0
358775.0,,1320414,select medical holdings corp,false,true,false,false,20240501,rusignuolo brian r.,141588924011934,Chief Information Officer,male,130031562.0
6919668.0,5925050.0,1320414,select medical holdings corp,true,true,false,false,20240501,ortenzio robert a,141588924011926,EXECUTIVE CHAIRMAN,male,130031562.0
38004.0,,1320414,select medical holdings corp,false,true,false,false,20240501,breighner robert g. jr,141588924011876,"VICE PRESIDENT, COMPLIANCE",male,130031562.0
1096000.0,,1320414,select medical holdings corp,1,0,0,0,20240501,carson russell l,90445424000267,,male,130031562.0
89389.0,,1320414,select medical holdings corp,1,0,0,0,20240501,scully thomas,90445424000269,,male,130031562.0
3558767.0,3861588.0,1320414,select medical holdings corp,true,true,false,false,20240510,ortenzio rocco a,141588924012923,VICE CHAIRMAN & CO-FOUNDER,male,130031562.0
284991.0,,1320414,select medical holdings corp,true,false,false,false,20240801,frist william h.,141588924020524,,male,130020968.0
43546.0,,1320414,select medical holdings corp,true,false,false,false,20240801,khanuja parvinderjit s.,141588924020525,,male,130020968.0
1098600.0,,1320414,select medical holdings corp,true,true,false,false,20240802,chernow david s,141588924020615,PRESIDENT AND CEO,male,130020968.0
500428.0,,1320414,select medical holdings corp,false,true,false,false,20240802,tarvin michael e,141588924020618,EXECUTIVE VICE PRESIDENT,male,130020968.0
1358331.0,10536.0,1320414,select medical holdings corp,false,true,false,false,20240802,jackson martin f,141588924020619,EXECUTIVE VICE PRESIDENT,male,130020968.0
1010220.0,,1320414,select medical holdings corp,true,true,false,false,20240805,chernow david s,141588924020749,PRESIDENT AND CEO,male,130020968.0
1305303.0,10536.0,1320414,select medical holdings corp,false,true,false,false,20240805,jackson martin f,141588924020752,EXECUTIVE VICE PRESIDENT,male,130020968.0
6831788.0,5925050.0,1320414,select medical holdings corp,true,true,false,false,20240805,ortenzio robert a,141588924020753,EXECUTIVE CHAIRMAN,male,130020968.0
465076.0,,1320414,select medical holdings corp,false,true,false,false,20240805,tarvin michael e,141588924020754,EXECUTIVE VICE PRESIDENT,male,130020968.0
361519.0,,1320414,select medical holdings corp,false,true,false,false,20240805,mullin thomas p,141588924020755,CO-PRESIDENT,male,130020968.0
694399.0,,1320414,select medical holdings corp,false,true,false,false,20240805,saich john a.,141588924020756,EXECUTIVE VICE PRESIDENT,male,130020968.0
337750.0,,1320414,select medical holdings corp,false,true,false,false,20240805,rusignuolo brian r.,141588924020757,Chief Information Officer,male,130020968.0
3778767.0,3861588.0,1320414,select medical holdings corp,false,true,false,false,20241002,ortenzio rocco a,141588924024392,CHAIRMAN EMERITUS & CO-FOUNDER,male,129539724.0
326740.0,,1320414,select medical holdings corp,false,true,false,false,20241028,rusignuolo brian r.,141588924025678,Chief Information Officer,male,129539724.0
350496.0,,1320414,select medical holdings corp,false,true,false,false,20241028,mullin thomas p,141588924025679,CO-PRESIDENT,male,129539724.0
192484.0,,1320414,select medical holdings corp,false,true,false,false,20241028,malatesta michael f,141588924025677,CHIEF FINANCIAL OFFICER,male,129539724.0
285534.0,,1320414,select medical holdings corp,true,false,false,false,20241031,frist william h.,141588924025823,,male,129466933.0
44089.0,,1320414,select medical holdings corp,true,false,false,false,20241031,khanuja parvinderjit s.,141588924025824,,male,129466933.0
436794.0,,1320414,select medical holdings corp,false,true,false,false,20241107,tarvin michael e,141588924026352,EXECUTIVE VICE PRESIDENT,male,129466933.0
313754.0,,1320414,select medical holdings corp,false,true,false,false,20241107,mullin thomas p,141588924026362,CO-PRESIDENT,male,129466933.0
301050.0,,1320414,select medical holdings corp,false,true,false,false,20241107,rusignuolo brian r.,141588924026361,Chief Information Officer,male,129466933.0
170414.0,,1320414,select medical holdings corp,false,true,false,false,20241107,malatesta michael f,141588924026359,CHIEF FINANCIAL OFFICER,male,129466933.0
939516.0,,1320414,select medical holdings corp,true,true,false,false,20241107,chernow david s,141588924026357,PRESIDENT AND CEO,male,129466933.0
35345.0,,1320414,select medical holdings corp,false,true,false,false,20241107,breighner robert g. jr,141588924026350,"VICE PRESIDENT, COMPLIANCE",male,129466933.0
34254.0,,1320414,select medical holdings corp,false,true,false,false,20241107,weigl christopher,141588924026351,CHIEF ACCOUNTING OFFICER,male,129466933.0
658157.0,,1320414,select medical holdings corp,false,true,false,false,20241107,saich john a.,141588924026354,EXECUTIVE VICE PRESIDENT,male,129466933.0
1262881.0,10536.0,1320414,select medical holdings corp,false,true,false,false,20241107,jackson martin f,141588924026358,EXECUTIVE VICE PRESIDENT,male,129466933.0
0.0,2120245.0,1320414,select medical holdings corp,true,true,false,false,20241129,ortenzio robert a,141588924027954,EXECUTIVE CHAIRMAN,male,129466933.0
22000.0,,1320414,select medical holdings corp,true,false,false,false,20241129,tavenner marilyn b,141588924027953,,female,129466933.0
30356.0,,1320414,select medical holdings corp,false,true,false,false,20241206,breighner robert g. jr,141588924028519,"VICE PRESIDENT, COMPLIANCE",male,129466933.0
