direct,indirect,issuer_cik,issuer_name,isDirector,isOfficer,isTenPercentOwner,isOther,date,name,accession,officerTitle,predicted_gender,total_stock
,,1627857,"sailpoint technologies holdings, inc.",0,1,0,0,20171120,beck thomas arthur,89924317027030,"CAO and VP, Finance",male,
,,1627857,"sailpoint technologies holdings, inc.",0,1,0,0,20171120,mcclain mark d.,89924317027032,CEO and President,male,
,,1627857,"sailpoint technologies holdings, inc.",0,1,0,0,20171120,greenfield howard r.,89924317027035,Chief Revenue Officer,male,
,,1627857,"sailpoint technologies holdings, inc.",0,1,0,0,20171120,mcmartin james cameron,89924317027036,CFO and Treasurer??,male,
8263.0,,1627857,"sailpoint technologies holdings, inc.",1,0,0,0,20171122,virnig kenneth j. ii,89924317027358,,male,
260992.0,,1627857,"sailpoint technologies holdings, inc.",1,0,0,0,20171122,bernard marcel,89924317027346,,male,
420833.0,,1627857,"sailpoint technologies holdings, inc.",0,1,0,0,20171122,greenfield howard r.,89924317027322,Chief Revenue Officer,male,
172062.0,,1627857,"sailpoint technologies holdings, inc.",1,0,0,0,20171122,pflaging james michael,89924317027320,,male,
8263.0,,1627857,"sailpoint technologies holdings, inc.",1,0,0,0,20171122,boro seth,89924317027369,,male,
109355.0,,1627857,"sailpoint technologies holdings, inc.",1,0,0,0,20171122,bock william g,89924317027314,,male,
8263.0,,1627857,"sailpoint technologies holdings, inc.",1,0,0,0,20171122,sullivan michael j,89924317027312,,male,
146923.0,,1627857,"sailpoint technologies holdings, inc.",0,1,0,0,20171122,beck thomas arthur,89924317027311,"CAO and VP, Finance",male,
568287.0,21616.0,1627857,"sailpoint technologies holdings, inc.",0,1,0,0,20171122,mcmartin james cameron,89924317027310,CFO and Treasurer,male,
1455994.0,240000.0,1627857,"sailpoint technologies holdings, inc.",1,1,0,0,20171122,mcclain mark d.,89924317027318,CEO and President,male,
11763.0,172062.0,1627857,"sailpoint technologies holdings, inc.",1,0,0,0,20171215,pflaging james michael,89924317028891,,male,
141923.0,,1627857,"sailpoint technologies holdings, inc.",0,1,0,0,20180518,beck thomas arthur,120919118031556,"CAO and VP, Finance",male,87219160.0
79000.0,,1627857,"sailpoint technologies holdings, inc.",1,1,0,0,20180518,mcclain mark d.,120919118031561,CEO and President,male,87219160.0
325000.0,,1627857,"sailpoint technologies holdings, inc.",0,1,0,0,20180522,greenfield howard r.,120919118032371,Chief Revenue Officer,male,87219160.0
14411.0,,1627857,"sailpoint technologies holdings, inc.",0,1,0,0,20180522,mcmartin james cameron,120919118032364,CFO and Treasurer,male,87219160.0
7206.0,,1627857,"sailpoint technologies holdings, inc.",0,1,0,0,20180608,mcmartin james cameron,120919118036763,CFO and Treasurer,male,87219160.0
136923.0,,1627857,"sailpoint technologies holdings, inc.",0,1,0,0,20180612,beck thomas arthur,120919118037265,"CAO and VP, Finance",male,87219160.0
68000.0,,1627857,"sailpoint technologies holdings, inc.",1,1,0,0,20180618,mcclain mark d.,120919118038390,CEO and President,male,87219160.0
275000.0,,1627857,"sailpoint technologies holdings, inc.",0,1,0,0,20180621,greenfield howard r.,120919118039019,Chief Revenue Officer,male,87219160.0
0.0,,1627857,"sailpoint technologies holdings, inc.",0,1,0,0,20180625,mcmartin james cameron,120919118039436,CFO and Treasurer,male,87219160.0
131923.0,,1627857,"sailpoint technologies holdings, inc.",0,1,0,0,20180629,beck thomas arthur,120919118040069,"CAO and VP, Finance",male,87219160.0
67000.0,,1627857,"sailpoint technologies holdings, inc.",1,1,0,0,20180717,mcclain mark d.,120919118042885,CEO and President,male,86596023.0
508287.0,,1627857,"sailpoint technologies holdings, inc.",0,1,0,0,20180719,mcmartin james cameron,120919118043400,CFO and Treasurer,male,86596023.0
14204.0,,1627857,"sailpoint technologies holdings, inc.",1,0,0,0,20180809,boro seth,89924318021986,,male,87638578.0
14204.0,,1627857,"sailpoint technologies holdings, inc.",1,0,0,0,20180809,virnig kenneth j. ii,89924318021988,,male,87638578.0
115296.0,,1627857,"sailpoint technologies holdings, inc.",1,0,0,0,20180809,bock william g,120919118046040,,male,87638578.0
17704.0,,1627857,"sailpoint technologies holdings, inc.",1,0,0,0,20180809,pflaging james michael,120919118046044,,male,87638578.0
14204.0,,1627857,"sailpoint technologies holdings, inc.",1,0,0,0,20180809,sullivan michael j,120919118046048,,male,87638578.0
86923.0,,1627857,"sailpoint technologies holdings, inc.",0,1,0,0,20180809,beck thomas arthur,120919118046062,"CAO and VP, Finance",male,87638578.0
266933.0,,1627857,"sailpoint technologies holdings, inc.",1,0,0,0,20180809,bernard marcel,89924318021987,,male,87638578.0
66000.0,,1627857,"sailpoint technologies holdings, inc.",1,1,0,0,20180816,mcclain mark d.,120919118047155,CEO and President,male,87638578.0
433287.0,,1627857,"sailpoint technologies holdings, inc.",0,1,0,0,20180817,mcmartin james cameron,120919118047528,CFO and Treasurer,male,87638578.0
419287.0,,1627857,"sailpoint technologies holdings, inc.",0,1,0,0,20180821,mcmartin james cameron,120919118047778,CFO and Treasurer,male,87638578.0
175000.0,,1627857,"sailpoint technologies holdings, inc.",0,1,0,0,20180821,greenfield howard r.,120919118047785,Chief Revenue Officer,male,87638578.0
107296.0,,1627857,"sailpoint technologies holdings, inc.",1,0,0,0,20180822,bock william g,120919118048002,,male,87638578.0
1273474.0,,1627857,"sailpoint technologies holdings, inc.",1,0,0,0,20180913,boro seth,89924318024457,,male,87638578.0
405287.0,,1627857,"sailpoint technologies holdings, inc.",0,1,0,0,20180918,mcmartin james cameron,120919118051526,CFO and Treasurer,male,87638578.0
65000.0,,1627857,"sailpoint technologies holdings, inc.",1,1,0,0,20180918,mcclain mark d.,120919118051490,CEO and President,male,87638578.0
125000.0,,1627857,"sailpoint technologies holdings, inc.",0,1,0,0,20180924,greenfield howard r.,120919118052060,Chief Revenue Officer,male,87638578.0
64000.0,,1627857,"sailpoint technologies holdings, inc.",1,1,0,0,20181017,mcclain mark d.,120919118055344,CEO and President,male,87638578.0
391287.0,,1627857,"sailpoint technologies holdings, inc.",0,1,0,0,20181019,mcmartin james cameron,120919118055692,CFO and Treasurer,male,87638578.0
100000.0,,1627857,"sailpoint technologies holdings, inc.",0,1,0,0,20181019,greenfield howard r.,120919118055687,Chief Revenue Officer,male,87638578.0
103296.0,,1627857,"sailpoint technologies holdings, inc.",1,0,0,0,20181115,bock william g,120919118058787,,male,87788512.0
63000.0,,1627857,"sailpoint technologies holdings, inc.",1,1,0,0,20181119,mcclain mark d.,120919118059182,CEO and President,male,87788512.0
374243.0,,1627857,"sailpoint technologies holdings, inc.",0,1,0,0,20181121,mcmartin james cameron,120919118059792,CFO and Treasurer,male,87788512.0
1641714.0,,1627857,"sailpoint technologies holdings, inc.",1,1,0,0,20181121,mcclain mark d.,120919118059790,CEO and President,male,87788512.0
42355.0,,1627857,"sailpoint technologies holdings, inc.",0,1,0,0,20181121,greenfield howard r.,120919118059787,Chief Revenue Officer,male,87788512.0
85888.0,,1627857,"sailpoint technologies holdings, inc.",0,1,0,0,20181121,beck thomas arthur,120919118059785,"CAO and VP, Finance",male,87788512.0
34374.0,,1627857,"sailpoint technologies holdings, inc.",0,1,0,0,20181126,greenfield howard r.,120919118059938,Chief Revenue Officer,male,87788512.0
1516714.0,,1627857,"sailpoint technologies holdings, inc.",1,1,0,0,20181217,mcclain mark d.,120919118062984,CEO and President,male,87788512.0
62000.0,,1627857,"sailpoint technologies holdings, inc.",1,1,0,0,20181219,mcclain mark d.,120919118063476,CEO and President,male,87788512.0
360243.0,,1627857,"sailpoint technologies holdings, inc.",0,1,0,0,20181219,mcmartin james cameron,120919118063494,CFO and Treasurer,male,87788512.0
2360.0,,1627857,"sailpoint technologies holdings, inc.",1,0,0,0,20190108,melin heidi m,120919119002857,,female,87512000.0
61000.0,,1627857,"sailpoint technologies holdings, inc.",1,1,0,0,20190116,mcclain mark d.,120919119003952,CEO and President,male,87512000.0
346868.0,,1627857,"sailpoint technologies holdings, inc.",0,1,0,0,20190122,mcmartin james cameron,120919119004780,CFO and Treasurer,male,87512000.0
44913.0,,1627857,"sailpoint technologies holdings, inc.",0,1,0,0,20190131,beck thomas arthur,120919119006207,"CAO and VP, Finance",male,87512000.0
75000.0,,1627857,"sailpoint technologies holdings, inc.",0,1,0,0,20190206,greenfield howard r.,120919119007814,Chief Revenue Officer,male,87512000.0
375279.0,,1627857,"sailpoint technologies holdings, inc.",0,1,0,0,20190211,mcmartin james cameron,120919119009035,CFO and Treasurer,male,87512000.0
55209.0,,1627857,"sailpoint technologies holdings, inc.",0,1,0,0,20190211,greenfield howard r.,120919119009026,Chief Revenue Officer,male,87512000.0
27464.0,,1627857,"sailpoint technologies holdings, inc.",0,1,0,0,20190211,kahl andrew,120919119009040,Chief Customer Officer,male,87512000.0
39517.0,,1627857,"sailpoint technologies holdings, inc.",0,1,0,0,20190211,rizkallah juliette,120919119009132,Chief Marketing Officer,female,87512000.0
1544137.0,,1627857,"sailpoint technologies holdings, inc.",1,1,0,0,20190211,mcclain mark d.,120919119009030,CEO and President,male,87512000.0
60000.0,,1627857,"sailpoint technologies holdings, inc.",1,1,0,0,20190219,mcclain mark d.,120919119011126,CEO and President,male,87512000.0
39517.0,,1627857,"sailpoint technologies holdings, inc.",0,1,0,0,20190219,rizkallah juliette,120919119011146,Chief Marketing Officer,female,87512000.0
99296.0,,1627857,"sailpoint technologies holdings, inc.",1,0,0,0,20190219,bock william g,120919119011093,,male,87512000.0
361279.0,,1627857,"sailpoint technologies holdings, inc.",0,1,0,0,20190220,mcmartin james cameron,120919119011649,CFO and Treasurer,male,87512000.0
39713.0,,1627857,"sailpoint technologies holdings, inc.",0,1,0,0,20190220,beck thomas arthur,120919119011623,"CAO and VP, Finance",male,87512000.0
0.0,,1627857,"sailpoint technologies holdings, inc.",0,1,0,0,20190226,greenfield howard r.,120919119013620,Chief Revenue Officer,male,87512000.0
34513.0,,1627857,"sailpoint technologies holdings, inc.",0,1,0,0,20190320,beck thomas arthur,120919119020606,"CAO and VP, Finance",male,88525881.0
347279.0,,1627857,"sailpoint technologies holdings, inc.",0,1,0,0,20190320,mcmartin james cameron,120919119020598,CFO and Treasurer,male,88525881.0
59000.0,,1627857,"sailpoint technologies holdings, inc.",1,1,0,0,20190320,mcclain mark d.,120919119020592,CEO and President,male,88525881.0
45209.0,,1627857,"sailpoint technologies holdings, inc.",0,1,0,0,20190320,greenfield howard r.,120919119020603,Chief Revenue Officer,male,88525881.0
957.0,,1627857,"sailpoint technologies holdings, inc.",1,0,0,0,20190329,newell tracey,120919119021780,,female,88525881.0
48718.0,,1627857,"sailpoint technologies holdings, inc.",0,1,0,0,20190409,beck thomas arthur,120919119024106,"CAO and VP, Finance",male,88525881.0
58000.0,,1627857,"sailpoint technologies holdings, inc.",1,1,0,0,20190417,mcclain mark d.,120919119025017,CEO and President,male,88525881.0
333279.0,,1627857,"sailpoint technologies holdings, inc.",0,1,0,0,20190419,mcmartin james cameron,120919119025394,CFO and Treasurer,male,88525881.0
23755.0,,1627857,"sailpoint technologies holdings, inc.",1,0,0,0,20190516,pflaging james michael,120919119030477,,male,88525881.0
7008.0,,1627857,"sailpoint technologies holdings, inc.",1,0,0,0,20190516,newell tracey,120919119030468,,female,88525881.0
20255.0,,1627857,"sailpoint technologies holdings, inc.",1,0,0,0,20190516,sullivan michael j,120919119030482,,male,88525881.0
8411.0,,1627857,"sailpoint technologies holdings, inc.",1,0,0,0,20190516,melin heidi m,120919119030463,,female,88525881.0
105347.0,,1627857,"sailpoint technologies holdings, inc.",1,0,0,0,20190516,bock william g,120919119030458,,male,88525881.0
319279.0,,1627857,"sailpoint technologies holdings, inc.",0,1,0,0,20190521,mcmartin james cameron,120919119031880,Chief Operating Officer,male,88525881.0
186266.0,,1627857,"sailpoint technologies holdings, inc.",1,0,0,0,20190607,pflaging james michael,120919119035612,,male,88525881.0
59865.0,,1627857,"sailpoint technologies holdings, inc.",0,1,0,0,20190612,ream jason,120919119036438,Chief Financial Officer,male,88525881.0
101347.0,,1627857,"sailpoint technologies holdings, inc.",1,0,0,0,20190621,bock william g,120919119038562,,male,88525881.0
171014.0,,1627857,"sailpoint technologies holdings, inc.",1,0,0,0,20190621,pflaging james michael,120919119038574,,male,88525881.0
45209.0,,1627857,"sailpoint technologies holdings, inc.",0,1,0,0,20190703,greenfield howard r.,120919119041197,Chief Revenue Officer,male,89050000.0
45209.0,,1627857,"sailpoint technologies holdings, inc.",0,1,0,0,20190718,greenfield howard r.,120919119042627,Chief Revenue Officer,male,89050000.0
45626.0,,1627857,"sailpoint technologies holdings, inc.",0,1,0,0,20190726,greenfield howard r.,120919119043412,Chief Revenue Officer,male,89050000.0
45209.0,,1627857,"sailpoint technologies holdings, inc.",0,1,0,0,20190730,greenfield howard r.,120919119043688,Chief Revenue Officer,male,89050000.0
167014.0,,1627857,"sailpoint technologies holdings, inc.",1,0,0,0,20190814,pflaging james michael,120919119045976,,male,89122643.0
56000.0,,1627857,"sailpoint technologies holdings, inc.",1,1,0,0,20190815,mcclain mark d.,120919119046174,CEO and President,male,89122643.0
97347.0,,1627857,"sailpoint technologies holdings, inc.",1,0,0,0,20190821,bock william g,120919119047031,,male,89122643.0
74644.0,,1627857,"sailpoint technologies holdings, inc.",0,1,0,0,20190905,mills matt,120919119048586,Chief Revenue Officer,male,89122643.0
54000.0,,1627857,"sailpoint technologies holdings, inc.",1,1,0,0,20190917,mcclain mark d.,120919119049906,CEO and President,male,89122643.0
8530.0,,1627857,"sailpoint technologies holdings, inc.",0,1,0,0,20190917,domagalski eric,120919119049914,Chief Accounting Officer,male,89122643.0
259279.0,,1627857,"sailpoint technologies holdings, inc.",0,1,0,0,20191008,mcmartin james cameron,120919119052773,Chief Operating Officer,male,89196000.0
52000.0,,1627857,"sailpoint technologies holdings, inc.",1,1,0,0,20191017,mcclain mark d.,120919119053450,CEO and President,male,89196000.0
1050994.0,,1627857,"sailpoint technologies holdings, inc.",1,1,0,0,20191105,mcclain mark d.,120919119055259,CEO and President,male,89211098.0
162014.0,,1627857,"sailpoint technologies holdings, inc.",1,0,0,0,20191105,pflaging james michael,120919119055262,,male,89211098.0
244279.0,,1627857,"sailpoint technologies holdings, inc.",0,1,0,0,20191108,mcmartin james cameron,120919119055834,Chief Operating Officer,male,89211098.0
93347.0,,1627857,"sailpoint technologies holdings, inc.",1,0,0,0,20191118,bock william g,120919119056970,,male,89211098.0
50000.0,,1627857,"sailpoint technologies holdings, inc.",1,1,0,0,20191119,mcclain mark d.,120919119057243,CEO and President,male,89211098.0
241235.0,,1627857,"sailpoint technologies holdings, inc.",0,1,0,0,20191122,mcmartin james cameron,120919119057830,Chief Operating Officer,male,89211098.0
38101.0,,1627857,"sailpoint technologies holdings, inc.",0,1,0,0,20191122,rizkallah juliette,120919119057826,Chief Marketing Officer,female,89211098.0
1413739.0,,1627857,"sailpoint technologies holdings, inc.",1,1,0,0,20191122,mcclain mark d.,120919119057822,CEO and President,male,89211098.0
226235.0,,1627857,"sailpoint technologies holdings, inc.",0,1,0,0,20191211,mcmartin james cameron,120919119060044,Chief Operating Officer,male,89211098.0
48000.0,,1627857,"sailpoint technologies holdings, inc.",1,1,0,0,20191218,mcclain mark d.,120919119061146,CEO and President,male,89211098.0
228577.0,,1627857,"sailpoint technologies holdings, inc.",1,0,0,0,20200103,mcmartin james cameron,120919120001121,,male,89676000.0
213577.0,,1627857,"sailpoint technologies holdings, inc.",1,0,0,0,20200109,mcmartin james cameron,120919120002846,,male,89676000.0
46000.0,,1627857,"sailpoint technologies holdings, inc.",1,1,0,0,20200117,mcclain mark d.,120919120004033,CEO and President,male,89676000.0
157014.0,,1627857,"sailpoint technologies holdings, inc.",1,0,0,0,20200204,pflaging james michael,120919120006346,,male,89676000.0
1432358.0,1083994.0,1627857,"sailpoint technologies holdings, inc.",1,1,0,0,20200210,mcclain mark d.,120919120008144,CEO and President,male,89676000.0
198577.0,,1627857,"sailpoint technologies holdings, inc.",1,0,0,0,20200210,mcmartin james cameron,120919120008157,,male,89676000.0
106552.0,,1627857,"sailpoint technologies holdings, inc.",0,1,0,0,20200210,ream jason,120919120008155,Chief Financial Officer,male,89676000.0
121331.0,,1627857,"sailpoint technologies holdings, inc.",0,1,0,0,20200210,mills matt,120919120008153,Chief Revenue Officer,male,89676000.0
16760.0,,1627857,"sailpoint technologies holdings, inc.",0,1,0,0,20200210,domagalski eric,120919120008151,Chief Accounting Officer,male,89676000.0
61869.0,,1627857,"sailpoint technologies holdings, inc.",0,1,0,0,20200210,rizkallah juliette,120919120008148,Chief Marketing Officer,female,89676000.0
89347.0,,1627857,"sailpoint technologies holdings, inc.",1,0,0,0,20200220,bock william g,120919120011080,,male,89676000.0
44000.0,,1627857,"sailpoint technologies holdings, inc.",1,1,0,0,20200220,mcclain mark d.,120919120011095,CEO and President,male,89676000.0
1408898.0,1047994.0,1627857,"sailpoint technologies holdings, inc.",1,1,0,0,20200303,mcclain mark d.,120919120015244,CEO and President,male,89676000.0
61064.0,,1627857,"sailpoint technologies holdings, inc.",0,1,0,0,20200303,rizkallah juliette,120919120015269,Chief Marketing Officer,female,89676000.0
183577.0,,1627857,"sailpoint technologies holdings, inc.",1,0,0,0,20200310,mcmartin james cameron,120919120017734,,male,89676000.0
193660.0,,1627857,"sailpoint technologies holdings, inc.",1,0,0,0,20200317,mcmartin james cameron,120919120019658,,male,89676000.0
42000.0,,1627857,"sailpoint technologies holdings, inc.",1,1,0,0,20200317,mcclain mark d.,120919120019665,CEO and President,male,89676000.0
232423.0,,1627857,"sailpoint technologies holdings, inc.",0,1,0,0,20200415,summers grady,120919120024488,"EVP, Solutions and Technology",male,90169000.0
40000.0,,1627857,"sailpoint technologies holdings, inc.",1,1,0,0,20200417,mcclain mark d.,120919120024863,CEO and President,male,90169000.0
61064.0,,1627857,"sailpoint technologies holdings, inc.",0,1,0,0,20200430,rizkallah juliette,120919120026368,Chief Marketing Officer,female,90185976.0
125249.0,,1627857,"sailpoint technologies holdings, inc.",1,0,0,0,20200430,mcmartin james cameron,120919120026358,,male,90185976.0
100295.0,,1627857,"sailpoint technologies holdings, inc.",1,0,0,0,20200507,bock william g,120919120027702,,male,90185976.0
136197.0,,1627857,"sailpoint technologies holdings, inc.",1,0,0,0,20200507,mcmartin james cameron,120919120027706,,male,90185976.0
17956.0,,1627857,"sailpoint technologies holdings, inc.",1,0,0,0,20200507,newell tracey,120919120027708,,female,90185976.0
19359.0,,1627857,"sailpoint technologies holdings, inc.",1,0,0,0,20200507,melin heidi m,120919120027713,,female,90185976.0
31203.0,,1627857,"sailpoint technologies holdings, inc.",1,0,0,0,20200507,sullivan michael j,120919120027717,,male,90185976.0
20499.0,157014.0,1627857,"sailpoint technologies holdings, inc.",1,0,0,0,20200507,pflaging james michael,120919120027723,,male,90185976.0
121197.0,,1627857,"sailpoint technologies holdings, inc.",1,0,0,0,20200508,mcmartin james cameron,120919120027987,,male,90185976.0
840994.0,120000.0,1627857,"sailpoint technologies holdings, inc.",1,1,0,0,20200508,mcclain mark d.,120919120027994,CEO and President,male,90185976.0
61064.0,,1627857,"sailpoint technologies holdings, inc.",0,1,0,0,20200513,rizkallah juliette,120919120028913,Chief Marketing Officer,female,90185976.0
38000.0,,1627857,"sailpoint technologies holdings, inc.",1,1,0,0,20200518,mcclain mark d.,120919120030141,CEO and President,male,90185976.0
150389.0,,1627857,"sailpoint technologies holdings, inc.",1,0,0,0,20200520,pflaging james michael,120919120030911,,male,90185976.0
102912.0,,1627857,"sailpoint technologies holdings, inc.",0,1,0,0,20200521,ream jason,120919120031363,Chief Financial Officer,male,90185976.0
144448.0,,1627857,"sailpoint technologies holdings, inc.",1,0,0,0,20200527,pflaging james michael,120919120032327,,male,90185976.0
60664.0,,1627857,"sailpoint technologies holdings, inc.",0,1,0,0,20200610,rizkallah juliette,120919120035565,Chief Marketing Officer,female,90185976.0
106197.0,,1627857,"sailpoint technologies holdings, inc.",1,0,0,0,20200610,mcmartin james cameron,120919120035594,,male,90185976.0
54366.0,,1627857,"sailpoint technologies holdings, inc.",0,1,0,0,20200612,rizkallah juliette,120919120036322,Chief Marketing Officer,female,90185976.0
36000.0,,1627857,"sailpoint technologies holdings, inc.",1,1,0,0,20200617,mcclain mark d.,120919120037320,CEO and President,male,90185976.0
52093.0,,1627857,"sailpoint technologies holdings, inc.",0,1,0,0,20200619,rizkallah juliette,120919120038006,Chief Marketing Officer,female,90185976.0
91197.0,,1627857,"sailpoint technologies holdings, inc.",1,0,0,0,20200708,mcmartin james cameron,120919120041777,,male,90607000.0
52093.0,,1627857,"sailpoint technologies holdings, inc.",0,1,0,0,20200713,rizkallah juliette,120919120042300,Chief Marketing Officer,female,90607000.0
96295.0,,1627857,"sailpoint technologies holdings, inc.",1,0,0,0,20200715,bock william g,120919120042502,,male,90607000.0
34000.0,,1627857,"sailpoint technologies holdings, inc.",1,1,0,0,20200717,mcclain mark d.,120919120042874,CEO and President,male,90607000.0
76197.0,,1627857,"sailpoint technologies holdings, inc.",1,0,0,0,20200810,mcmartin james cameron,120919120045983,,male,90681170.0
92295.0,,1627857,"sailpoint technologies holdings, inc.",1,0,0,0,20200818,bock william g,120919120047234,,male,90681170.0
32000.0,,1627857,"sailpoint technologies holdings, inc.",1,1,0,0,20200819,mcclain mark d.,120919120047532,CEO and President,male,90681170.0
16246.0,,1627857,"sailpoint technologies holdings, inc.",0,1,0,0,20200824,domagalski eric,120919120048124,Chief Accounting Officer,male,90681170.0
116787.0,,1627857,"sailpoint technologies holdings, inc.",0,1,0,0,20200824,mills matt,120919120048118,Chief Revenue Officer,male,90681170.0
61197.0,,1627857,"sailpoint technologies holdings, inc.",1,0,0,0,20200910,mcmartin james cameron,120919120050009,,male,90681170.0
30000.0,,1627857,"sailpoint technologies holdings, inc.",1,1,0,0,20200916,mcclain mark d.,120919120050728,CEO and President,male,90681170.0
15959.0,,1627857,"sailpoint technologies holdings, inc.",1,0,0,0,20201005,melin heidi m,120919120053699,,female,90884000.0
102670.0,,1627857,"sailpoint technologies holdings, inc.",0,1,0,0,20201013,mills matt,120919120054666,Chief Revenue Officer,male,90884000.0
28000.0,,1627857,"sailpoint technologies holdings, inc.",1,1,0,0,20201019,mcclain mark d.,120919120055289,CEO and President,male,90884000.0
88295.0,,1627857,"sailpoint technologies holdings, inc.",1,0,0,0,20201116,bock william g,120919120058485,,male,90912459.0
26000.0,,1627857,"sailpoint technologies holdings, inc.",1,1,0,0,20201117,mcclain mark d.,120919120058767,CEO and President,male,90912459.0
46659.0,,1627857,"sailpoint technologies holdings, inc.",0,1,0,0,20201117,schmitt christopher,120919120058776,General Counsel and Secretary,male,90912459.0
1220556.0,678994.0,1627857,"sailpoint technologies holdings, inc.",1,1,0,0,20201124,mcclain mark d.,120919120060251,CEO and President,male,90912459.0
39368.0,,1627857,"sailpoint technologies holdings, inc.",0,1,0,0,20201124,schmitt christopher,120919120060263,General Counsel and Secretary,male,90912459.0
102912.0,,1627857,"sailpoint technologies holdings, inc.",0,1,0,0,20201215,ream jason,120919120063495,Chief Financial Officer,male,90912459.0
24000.0,,1627857,"sailpoint technologies holdings, inc.",1,1,0,0,20201217,mcclain mark d.,120919120064162,CEO and President,male,90912459.0
39867.0,,1627857,"sailpoint technologies holdings, inc.",0,1,0,0,20201218,schmitt christopher,120919120064439,General Counsel and Secretary,male,90912459.0
19203.0,,1627857,"sailpoint technologies holdings, inc.",1,0,0,0,20201221,sullivan michael j,120919120064652,,male,90912459.0
49197.0,,1627857,"sailpoint technologies holdings, inc.",1,0,0,0,20210105,mcmartin james cameron,120919121001187,,male,91386000.0
15204.0,,1627857,"sailpoint technologies holdings, inc.",0,1,0,0,20210113,domagalski eric,120919121003452,Chief Accounting Officer,male,91386000.0
22000.0,,1627857,"sailpoint technologies holdings, inc.",1,1,0,0,20210119,mcclain mark d.,120919121004066,CEO and President,male,91386000.0
39867.0,,1627857,"sailpoint technologies holdings, inc.",0,1,0,0,20210121,schmitt christopher,120919121004709,General Counsel and Secretary,male,91386000.0
14748.0,,1627857,"sailpoint technologies holdings, inc.",1,0,0,0,20210202,melin heidi m,120919121006865,,female,91386000.0
84295.0,,1627857,"sailpoint technologies holdings, inc.",1,0,0,0,20210218,bock william g,120919121011925,,male,91386000.0
38000.0,,1627857,"sailpoint technologies holdings, inc.",1,1,0,0,20210218,mcclain mark d.,120919121011939,CEO and President,male,91386000.0
39867.0,,1627857,"sailpoint technologies holdings, inc.",0,1,0,0,20210218,schmitt christopher,120919121011948,General Counsel and Secretary,male,91386000.0
26420.0,,1627857,"sailpoint technologies holdings, inc.",0,1,0,0,20210219,domagalski eric,120919121012499,Chief Accounting Officer,male,91386000.0
56691.0,,1627857,"sailpoint technologies holdings, inc.",0,1,0,0,20210219,schmitt christopher,120919121012486,General Counsel and Secretary,male,91386000.0
130953.0,,1627857,"sailpoint technologies holdings, inc.",0,1,0,0,20210219,ream jason,120919121012457,Chief Financial Officer,male,91386000.0
141927.0,,1627857,"sailpoint technologies holdings, inc.",0,1,0,0,20210219,mills matt,120919121012463,Chief Revenue Officer,male,91386000.0
1098680.0,609994.0,1627857,"sailpoint technologies holdings, inc.",1,1,0,0,20210219,mcclain mark d.,120919121012446,CEO and President,male,91386000.0
260464.0,,1627857,"sailpoint technologies holdings, inc.",0,1,0,0,20210219,summers grady,120919121012472,EVP of Product,male,91386000.0
130255.0,,1627857,"sailpoint technologies holdings, inc.",0,1,0,0,20210302,mills matt,120919121016224,"President, Worldwide Field Ops",male,91386000.0
1082571.0,609994.0,1627857,"sailpoint technologies holdings, inc.",1,1,0,0,20210302,mcclain mark d.,120919121016186,CEO and President,male,91386000.0
25920.0,,1627857,"sailpoint technologies holdings, inc.",0,1,0,0,20210302,domagalski eric,120919121016250,Chief Accounting Officer,male,91386000.0
128110.0,,1627857,"sailpoint technologies holdings, inc.",0,1,0,0,20210302,ream jason,120919121016203,Chief Financial Officer,male,91386000.0
24362.0,,1627857,"sailpoint technologies holdings, inc.",0,1,0,0,20210305,domagalski eric,120919121018338,Chief Accounting Officer,male,91386000.0
47777.0,,1627857,"sailpoint technologies holdings, inc.",0,1,0,0,20210305,schmitt christopher,120919121018333,General Counsel and Secretary,male,91386000.0
36000.0,,1627857,"sailpoint technologies holdings, inc.",1,1,0,0,20210317,mcclain mark d.,120919121021423,CEO and President,male,91386000.0
44197.0,,1627857,"sailpoint technologies holdings, inc.",1,0,0,0,20210317,mcmartin james cameron,120919121021434,,male,91386000.0
47777.0,,1627857,"sailpoint technologies holdings, inc.",0,1,0,0,20210317,schmitt christopher,120919121021440,General Counsel and Secretary,male,91386000.0
34000.0,,1627857,"sailpoint technologies holdings, inc.",1,1,0,0,20210419,mcclain mark d.,120919121027341,CEO and President,male,92228000.0
87861.0,,1627857,"sailpoint technologies holdings, inc.",1,0,0,0,20210503,bock william g,120919121029515,,male,92228000.0
47763.0,,1627857,"sailpoint technologies holdings, inc.",1,0,0,0,20210503,mcmartin james cameron,120919121029534,,male,92228000.0
24065.0,144448.0,1627857,"sailpoint technologies holdings, inc.",1,0,0,0,20210503,pflaging james michael,120919121029540,,male,92228000.0
21522.0,,1627857,"sailpoint technologies holdings, inc.",1,0,0,0,20210503,newell tracey,120919121029548,,female,92228000.0
18314.0,,1627857,"sailpoint technologies holdings, inc.",1,0,0,0,20210503,melin heidi m,120919121029553,,female,92228000.0
22769.0,,1627857,"sailpoint technologies holdings, inc.",1,0,0,0,20210503,sullivan michael j,120919121029529,,male,92228000.0
32000.0,,1627857,"sailpoint technologies holdings, inc.",1,1,0,0,20210518,mcclain mark d.,120919121033584,CEO and President,male,92325246.0
122220.0,,1627857,"sailpoint technologies holdings, inc.",0,1,0,0,20210521,ream jason,120919121034974,Chief Financial Officer,male,92325246.0
24065.0,,1627857,"sailpoint technologies holdings, inc.",0,1,0,0,20210602,domagalski eric,162785721000011,Chief Accounting Officer,male,92325246.0
47165.0,,1627857,"sailpoint technologies holdings, inc.",0,1,0,0,20210602,schmitt christopher,162785721000010,General Counsel and Secretary,male,92325246.0
237502.0,,1627857,"sailpoint technologies holdings, inc.",0,1,0,0,20210602,summers grady,162785721000009,EVP of Product,male,92325246.0
126372.0,,1627857,"sailpoint technologies holdings, inc.",0,1,0,0,20210602,mills matt,162785721000016,"President, Worldwide Field Ops",male,92325246.0
15314.0,,1627857,"sailpoint technologies holdings, inc.",1,0,0,0,20210602,melin heidi m,162785721000018,,female,92325246.0
109055.0,,1627857,"sailpoint technologies holdings, inc.",0,1,0,0,20210602,ream jason,162785721000014,Chief Financial Officer,male,92325246.0
1018044.0,486994.0,1627857,"sailpoint technologies holdings, inc.",1,1,0,0,20210602,mcclain mark d.,162785721000012,CEO and President,male,92325246.0
85361.0,,1627857,"sailpoint technologies holdings, inc.",1,0,0,0,20210615,bock william g,162785721000024,,male,92325246.0
3297.0,,1627857,"sailpoint technologies holdings, inc.",1,0,0,0,20210615,ramakrishna sudhakar,162785721000027,,male,92325246.0
30000.0,,1627857,"sailpoint technologies holdings, inc.",1,1,0,0,20210617,mcclain mark d.,162785721000030,CEO and President,male,92325246.0
42763.0,,1627857,"sailpoint technologies holdings, inc.",1,0,0,0,20210617,mcmartin james cameron,162785721000031,,male,92325246.0
14514.0,,1627857,"sailpoint technologies holdings, inc.",1,0,0,0,20210628,sullivan michael j,162785721000033,,male,92325246.0
22570.0,,1627857,"sailpoint technologies holdings, inc.",0,1,0,0,20210701,domagalski eric,162785721000035,Chief Accounting Officer,male,92804000.0
28000.0,,1627857,"sailpoint technologies holdings, inc.",1,1,0,0,20210719,mcclain mark d.,162785721000037,CEO and President,male,92804000.0
47165.0,,1627857,"sailpoint technologies holdings, inc.",0,1,0,0,20210719,schmitt christopher,162785721000039,General Counsel and Secretary,male,92804000.0
2694.0,,1627857,"sailpoint technologies holdings, inc.",1,0,0,0,20210729,green ronald j,162785721000043,,male,92804000.0
82861.0,,1627857,"sailpoint technologies holdings, inc.",1,0,0,0,20210818,bock william g,162785721000050,,male,92942032.0
310994.0,84000.0,1627857,"sailpoint technologies holdings, inc.",1,1,0,0,20210818,mcclain mark d.,162785721000052,CEO and President,male,92942032.0
47165.0,,1627857,"sailpoint technologies holdings, inc.",0,1,0,0,20210818,schmitt christopher,162785721000054,General Counsel and Secretary,male,92942032.0
26218.0,,1627857,"sailpoint technologies holdings, inc.",0,1,0,0,20210824,domagalski eric,162785721000056,Chief Accounting Officer,male,92942032.0
107711.0,,1627857,"sailpoint technologies holdings, inc.",0,1,0,0,20210824,mills matt,162785721000058,"President, Worldwide Field Ops",male,92942032.0
221596.0,,1627857,"sailpoint technologies holdings, inc.",0,1,0,0,20210831,summers grady,162785721000061,EVP of Product,male,92942032.0
103827.0,,1627857,"sailpoint technologies holdings, inc.",0,1,0,0,20210831,mills matt,162785721000063,"President, Worldwide Field Ops",male,92942032.0
948517.0,394994.0,1627857,"sailpoint technologies holdings, inc.",1,1,0,0,20210831,mcclain mark d.,162785721000065,CEO and President,male,92942032.0
107216.0,,1627857,"sailpoint technologies holdings, inc.",0,1,0,0,20210831,ream jason,162785721000067,Chief Financial Officer,male,92942032.0
34254.0,,1627857,"sailpoint technologies holdings, inc.",0,1,0,0,20210831,domagalski eric,162785721000071,Chief Accounting Officer,male,92942032.0
63815.0,,1627857,"sailpoint technologies holdings, inc.",1,1,0,0,20210831,mcmartin james cameron,162785721000073,Interim CFO,male,92942032.0
46176.0,,1627857,"sailpoint technologies holdings, inc.",0,1,0,0,20210831,schmitt christopher,162785721000069,General Counsel and Secretary,male,92942032.0
19772.0,,1627857,"sailpoint technologies holdings, inc.",1,0,0,0,20210903,newell tracey,162785721000075,,female,92942032.0
33063.0,,1627857,"sailpoint technologies holdings, inc.",0,1,0,0,20210903,domagalski eric,162785721000077,Chief Accounting Officer,male,92942032.0
305994.0,84000.0,1627857,"sailpoint technologies holdings, inc.",1,1,0,0,20210917,mcclain mark d.,162785721000083,CEO and President,male,92942032.0
58815.0,,1627857,"sailpoint technologies holdings, inc.",1,1,0,0,20210917,mcmartin james cameron,162785721000081,Interim CFO,male,92942032.0
45669.0,,1627857,"sailpoint technologies holdings, inc.",0,1,0,0,20210917,schmitt christopher,162785721000079,General Counsel and Secretary,male,92942032.0
57936.0,,1627857,"sailpoint technologies holdings, inc.",1,1,0,0,20210930,mcmartin james cameron,162785721000085,Interim CFO,male,93234000.0
12925.0,,1627857,"sailpoint technologies holdings, inc.",1,0,0,0,20211004,melin heidi m,162785721000087,,female,93234000.0
45162.0,,1627857,"sailpoint technologies holdings, inc.",0,1,0,0,20211019,schmitt christopher,162785721000091,General Counsel and Secretary,male,93234000.0
290994.0,84000.0,1627857,"sailpoint technologies holdings, inc.",1,1,0,0,20211019,mcclain mark d.,162785721000089,CEO and President,male,93234000.0
57081.0,,1627857,"sailpoint technologies holdings, inc.",1,1,0,0,20211029,mcmartin james cameron,162785721000093,Interim CFO,male,93234000.0
112929.0,,1627857,"sailpoint technologies holdings, inc.",0,1,0,0,20211112,mills matt,162785721000104,"President, Worldwide Field Ops",male,93263655.0
285994.0,84000.0,1627857,"sailpoint technologies holdings, inc.",1,1,0,0,20211117,mcclain mark d.,162785721000106,CEO and President,male,93263655.0
80361.0,,1627857,"sailpoint technologies holdings, inc.",1,0,0,0,20211117,bock william g,162785721000108,,male,93263655.0
52081.0,,1627857,"sailpoint technologies holdings, inc.",1,1,0,0,20211117,mcmartin james cameron,162785721000110,Interim CFO,male,93263655.0
44654.0,,1627857,"sailpoint technologies holdings, inc.",0,1,0,0,20211117,schmitt christopher,162785721000112,General Counsel and Secretary,male,93263655.0
863679.0,369994.0,1627857,"sailpoint technologies holdings, inc.",1,1,0,0,20211123,mcclain mark d.,162785721000118,CEO and President,male,93263655.0
212596.0,,1627857,"sailpoint technologies holdings, inc.",0,1,0,0,20211123,summers grady,162785721000116,EVP of Product,male,93263655.0
41784.0,,1627857,"sailpoint technologies holdings, inc.",0,1,0,0,20211123,schmitt christopher,162785721000114,General Counsel and Secretary,male,93263655.0
205690.0,,1627857,"sailpoint technologies holdings, inc.",0,1,0,0,20211130,summers grady,162785721000126,EVP of Product,male,93263655.0
32678.0,,1627857,"sailpoint technologies holdings, inc.",0,1,0,0,20211130,domagalski eric,162785721000128,Chief Accounting Officer,male,93263655.0
40795.0,,1627857,"sailpoint technologies holdings, inc.",0,1,0,0,20211130,schmitt christopher,162785721000130,General Counsel and Secretary,male,93263655.0
859152.0,369994.0,1627857,"sailpoint technologies holdings, inc.",1,1,0,0,20211130,mcclain mark d.,162785721000120,CEO and President,male,93263655.0
110814.0,,1627857,"sailpoint technologies holdings, inc.",0,1,0,0,20211130,mills matt,162785721000122,"President, Worldwide Field Ops",male,93263655.0
51226.0,,1627857,"sailpoint technologies holdings, inc.",1,1,0,0,20211130,mcmartin james cameron,162785721000124,Interim CFO,male,93263655.0
18022.0,,1627857,"sailpoint technologies holdings, inc.",1,0,0,0,20211203,newell tracey,162785721000132,,female,93263655.0
31486.0,,1627857,"sailpoint technologies holdings, inc.",0,1,0,0,20211203,domagalski eric,162785721000134,Chief Accounting Officer,male,93263655.0
38775.0,,1627857,"sailpoint technologies holdings, inc.",0,1,0,0,20211217,schmitt christopher,162785721000138,General Counsel and Secretary,male,93263655.0
280994.0,,1627857,"sailpoint technologies holdings, inc.",1,1,0,0,20211217,mcclain mark d.,162785721000136,CEO and President,male,93263655.0
50371.0,,1627857,"sailpoint technologies holdings, inc.",1,1,0,0,20211230,mcmartin james cameron,162785721000140,Interim CFO,male,93263655.0
104583.0,,1627857,"sailpoint technologies holdings, inc.",0,1,0,0,20220112,mills matt,162785722000002,"President, Worldwide Field Ops",male,93764000.0
265994.0,144000.0,1627857,"sailpoint technologies holdings, inc.",1,1,0,0,20220120,mcclain mark d.,162785722000004,CEO and President,male,93764000.0
36814.0,,1627857,"sailpoint technologies holdings, inc.",0,1,0,0,20220120,schmitt christopher,162785722000006,General Counsel and Secretary,male,93764000.0
49361.0,,1627857,"sailpoint technologies holdings, inc.",1,1,0,0,20220201,mcmartin james cameron,162785722000008,Interim CFO,male,93764000.0
779268.0,409994.0,1627857,"sailpoint technologies holdings, inc.",1,1,0,0,20220214,mcclain mark d.,162785722000016,CEO and President,male,93764000.0
248949.0,,1627857,"sailpoint technologies holdings, inc.",0,1,0,0,20220214,summers grady,162785722000013,EVP of Product,male,93764000.0
64343.0,,1627857,"sailpoint technologies holdings, inc.",0,1,0,0,20220214,schmitt christopher,162785722000014,General Counsel and Secretary,male,93764000.0
167506.0,,1627857,"sailpoint technologies holdings, inc.",0,1,0,0,20220214,mills matt,162785722000015,"President, Worldwide Field Ops",male,93764000.0
260994.0,144000.0,1627857,"sailpoint technologies holdings, inc.",1,1,0,0,20220216,mcclain mark d.,162785722000018,CEO and President,male,93764000.0
62382.0,,1627857,"sailpoint technologies holdings, inc.",0,1,0,0,20220216,schmitt christopher,162785722000020,General Counsel and Secretary,male,93764000.0
77861.0,,1627857,"sailpoint technologies holdings, inc.",1,0,0,0,20220216,bock william g,162785722000022,,male,93764000.0
239949.0,,1627857,"sailpoint technologies holdings, inc.",0,1,0,0,20220222,summers grady,162785722000024,EVP of Product,male,93764000.0
61019.0,,1627857,"sailpoint technologies holdings, inc.",0,1,0,0,20220302,schmitt christopher,162785722000036,General Counsel and Secretary,male,93764000.0
235344.0,,1627857,"sailpoint technologies holdings, inc.",0,1,0,0,20220302,summers grady,162785722000038,EVP of Product,male,93764000.0
48506.0,,1627857,"sailpoint technologies holdings, inc.",1,1,0,0,20220302,mcmartin james cameron,162785722000032,Interim CFO,male,93764000.0
162134.0,,1627857,"sailpoint technologies holdings, inc.",0,1,0,0,20220302,mills matt,162785722000040,"President, Worldwide Field Ops",male,93764000.0
745192.0,404994.0,1627857,"sailpoint technologies holdings, inc.",1,1,0,0,20220302,mcclain mark d.,162785722000034,CEO and President,male,93764000.0
16272.0,,1627857,"sailpoint technologies holdings, inc.",1,0,0,0,20220302,newell tracey,162785722000042,,female,93764000.0
59609.0,,1627857,"sailpoint technologies holdings, inc.",0,1,0,0,20220316,schmitt christopher,162785722000047,General Counsel and Secretary,male,93764000.0
255994.0,144000.0,1627857,"sailpoint technologies holdings, inc.",1,1,0,0,20220316,mcclain mark d.,162785722000044,CEO and President,male,93764000.0
81081.0,,1627857,"sailpoint technologies holdings, inc.",1,0,0,0,20220502,bock william g,162785722000051,,male,94276861.0
19492.0,,1627857,"sailpoint technologies holdings, inc.",1,0,0,0,20220502,newell tracey,162785722000053,,female,94276861.0
5914.0,,1627857,"sailpoint technologies holdings, inc.",1,0,0,0,20220502,green ronald j,162785722000055,,male,94276861.0
16145.0,,1627857,"sailpoint technologies holdings, inc.",1,0,0,0,20220502,melin heidi m,162785722000057,,female,94276861.0
27285.0,144448.0,1627857,"sailpoint technologies holdings, inc.",1,0,0,0,20220502,pflaging james michael,162785722000059,,male,94276861.0
17734.0,,1627857,"sailpoint technologies holdings, inc.",1,0,0,0,20220502,sullivan michael j,162785722000061,,male,94276861.0
6517.0,,1627857,"sailpoint technologies holdings, inc.",1,0,0,0,20220502,ramakrishna sudhakar,162785722000063,,male,94276861.0
158804.0,,1627857,"sailpoint technologies holdings, inc.",0,1,0,0,20220531,mills matt,162785722000075,"President, Worldwide Field Ops",male,94276861.0
227279.0,,1627857,"sailpoint technologies holdings, inc.",0,1,0,0,20220531,summers grady,162785722000077,EVP of Product,male,94276861.0
0.0,,1627857,"sailpoint technologies holdings, inc.",1,0,0,0,20220816,mcmartin james cameron,162785722000098,,male,94812339.0
0.0,,1627857,"sailpoint technologies holdings, inc.",0,1,0,0,20220816,healy colleen,162785722000104,CFO,female,94812339.0
0.0,,1627857,"sailpoint technologies holdings, inc.",0,1,0,0,20220816,summers grady,162785722000102,EVP of Product,male,94812339.0
0.0,,1627857,"sailpoint technologies holdings, inc.",1,1,0,0,20220816,mcclain mark d.,162785722000100,CEO and President,male,94812339.0
0.0,,1627857,"sailpoint technologies holdings, inc.",1,0,0,0,20220816,sullivan michael j,162785722000096,,male,94812339.0
0.0,,1627857,"sailpoint technologies holdings, inc.",0,1,0,0,20220816,mills matt,162785722000106,"President, Worldwide Field Ops",male,94812339.0
0.0,,1627857,"sailpoint technologies holdings, inc.",1,0,0,0,20220816,pflaging james michael,162785722000092,,male,94812339.0
0.0,,1627857,"sailpoint technologies holdings, inc.",1,0,0,0,20220816,ramakrishna sudhakar,162785722000090,,male,94812339.0
0.0,,1627857,"sailpoint technologies holdings, inc.",1,0,0,0,20220816,newell tracey,162785722000088,,female,94812339.0
0.0,,1627857,"sailpoint technologies holdings, inc.",1,0,0,0,20220816,green ronald j,162785722000086,,male,94812339.0
0.0,,1627857,"sailpoint technologies holdings, inc.",1,0,0,0,20220816,bock william g,162785722000084,,male,94812339.0
0.0,,1627857,"sailpoint technologies holdings, inc.",1,0,0,0,20220816,melin heidi m,162785722000094,,female,94812339.0
0.0,,1627857,"sailpoint technologies holdings, inc.",0,1,0,0,20220816,schmitt christopher,162785722000108,General Counsel and Secretary,male,94812339.0
