direct,indirect,issuer_cik,issuer_name,isDirector,isOfficer,isTenPercentOwner,isOther,date,name,accession,officerTitle,predicted_gender,total_stock
,100.0,801337,webster financial corp,1,0,0,0.0,20100104,coulter david a,120919110000270,,male,
,469887.0,801337,webster financial corp,1,1,0,0,20100105,smith james copenhaver,80133710000002,Chairman & Chief Executive Off,male,
38761.0,,801337,webster financial corp,0,1,0,0,20100111,plush gerald p,80133710000006,Sr.EVP - Chief Financial Off,male,
67773.0,,801337,webster financial corp,0,1,0,0,20100111,savage joseph j,80133710000007,"EVP, Commercial Banking",male,
39137.0,,801337,webster financial corp,0,1,0,0,20100111,brown jeffrey n,80133710000008,Chief Administrative Officer,male,
22969.0,,801337,webster financial corp,0,1,0,0,20100111,crecca michelle m,80133710000009,EVP-Marketing,female,
22055.0,,801337,webster financial corp,0,1,0,0,20100111,wolfe harriet munrett,80133710000010,"EVP, General Counsel",female,
23929.0,,801337,webster financial corp,0,1,0,0,20100111,mhatre nitin j.,80133710000011,EVP-Consumer Lending,male,
17116.0,,801337,webster financial corp,0,1,0,0,20100111,slattery anne m,80133710000012,EVP-Retail Banking,female,
128116.0,469887.0,801337,webster financial corp,1,1,0,0,20100111,smith james copenhaver,80133710000005,Chairman & Chief Executive Off,male,
5809.0,,801337,webster financial corp,0,1,0,0,20100119,messina theresa m,80133710000017,Chief Accounting Officer,female,
17312.0,,801337,webster financial corp,0,1,0,0,20100122,slattery anne m,80133710000026,EVP-Retail Banking,female,
22169.0,,801337,webster financial corp,0,1,0,0,20100122,wolfe harriet munrett,80133710000024,"EVP, General Counsel",female,
23103.0,,801337,webster financial corp,0,1,0,0,20100122,crecca michelle m,80133710000023,EVP-Marketing,female,
24084.0,,801337,webster financial corp,0,1,0,0,20100122,mhatre nitin j.,80133710000025,EVP-Consumer Lending,male,
67969.0,,801337,webster financial corp,0,1,0,0,20100122,savage joseph j,80133710000021,"EVP, Commercial Banking",male,
39151.0,,801337,webster financial corp,0,1,0,0,20100122,plush gerald p,80133710000020,Sr.EVP - Chief Financial Off,male,
128754.0,469887.0,801337,webster financial corp,1,1,0,0,20100122,smith james copenhaver,80133710000019,Chairman & Chief Executive Off,male,
39330.0,,801337,webster financial corp,0,1,0,0,20100122,brown jeffrey n,80133710000022,Chief Administrative Officer,male,
131247.0,469887.0,801337,webster financial corp,1,1,0,0,20100208,smith james copenhaver,80133710000028,Chairman & Chief Executive Off,male,
39540.0,,801337,webster financial corp,0,1,0,0,20100208,plush gerald p,80133710000029,Sr.EVP - Chief Financial Off,male,
68165.0,,801337,webster financial corp,0,1,0,0,20100208,savage joseph j,80133710000030,"EVP, Commercial Banking",male,
39522.0,,801337,webster financial corp,0,1,0,0,20100208,brown jeffrey n,80133710000031,Chief Administrative Officer,male,
23236.0,,801337,webster financial corp,0,1,0,0,20100208,crecca michelle m,80133710000032,EVP-Marketing,female,
22282.0,,801337,webster financial corp,0,1,0,0,20100208,wolfe harriet munrett,80133710000033,"EVP, General Counsel",female,
24218.0,,801337,webster financial corp,0,1,0,0,20100208,mhatre nitin j.,80133710000034,EVP-Consumer Lending,male,
17510.0,,801337,webster financial corp,0,1,0,0,20100208,slattery anne m,80133710000035,EVP-Retail Banking,female,
,432060.0,801337,webster financial corp,1,1,0,0,20100217,smith james copenhaver,80133710000046,Chairman & Chief Executive Off,male,
17685.0,,801337,webster financial corp,0,1,0,0,20100222,slattery anne m,80133710000054,EVP-Retail Banking,female,
24340.0,,801337,webster financial corp,0,1,0,0,20100222,mhatre nitin j.,80133710000053,EVP-Consumer Lending,male,
23357.0,,801337,webster financial corp,0,1,0,0,20100222,crecca michelle m,80133710000051,EVP-Marketing,female,
22384.0,,801337,webster financial corp,0,1,0,0,20100222,wolfe harriet munrett,80133710000052,"EVP, General Counsel",female,
68339.0,,801337,webster financial corp,0,1,0,0,20100222,savage joseph j,80133710000049,"EVP, Commercial Banking",male,
39930.0,,801337,webster financial corp,0,1,0,0,20100222,plush gerald p,80133710000048,Sr.EVP - Chief Financial Off,male,
170224.0,432060.0,801337,webster financial corp,1,1,0,0,20100222,smith james copenhaver,80133710000047,Chairman & Chief Executive Off,male,
39695.0,,801337,webster financial corp,0,1,0,0,20100222,brown jeffrey n,80133710000050,Chief Administrative Officer,male,
171390.0,432060.0,801337,webster financial corp,1,1,0,0,20100305,smith james copenhaver,80133710000056,Chairman & Chief Executive Off,male,
40320.0,,801337,webster financial corp,0,1,0,0,20100305,plush gerald p,80133710000057,Sr.EVP - Chief Financial Off,male,
68515.0,,801337,webster financial corp,0,1,0,0,20100305,savage joseph j,80133710000058,"EVP, Commercial Banking",male,
39868.0,,801337,webster financial corp,0,1,0,0,20100305,brown jeffrey n,80133710000059,Chief Administrative Officer,male,
23477.0,,801337,webster financial corp,0,1,0,0,20100305,crecca michelle m,80133710000060,EVP-Marketing,female,
22486.0,,801337,webster financial corp,0,1,0,0,20100305,wolfe harriet munrett,80133710000061,"EVP, General Counsel",female,
24462.0,,801337,webster financial corp,0,1,0,0,20100305,mhatre nitin j.,80133710000062,EVP-Consumer Lending,male,
17862.0,,801337,webster financial corp,0,1,0,0,20100305,slattery anne m,80133710000063,EVP-Retail Banking,female,
18021.0,,801337,webster financial corp,0,1,0,0,20100322,slattery anne m,80133710000072,EVP-Retail Banking,female,
24572.0,,801337,webster financial corp,0,1,0,0,20100322,mhatre nitin j.,80133710000071,EVP-Consumer Lending,male,
22577.0,,801337,webster financial corp,0,1,0,0,20100322,wolfe harriet munrett,80133710000070,"EVP, General Counsel",female,
23571.0,,801337,webster financial corp,0,1,0,0,20100322,crecca michelle m,80133710000069,EVP-Marketing,female,
68683.0,,801337,webster financial corp,0,1,0,0,20100322,savage joseph j,80133710000067,"EVP, Commercial Banking",male,
40672.0,,801337,webster financial corp,0,1,0,0,20100322,plush gerald p,80133710000066,Sr.EVP - Chief Financial Off,male,
172440.0,432060.0,801337,webster financial corp,1,1,0,0,20100322,smith james copenhaver,80133710000065,Chairman & Chief Executive Off,male,
40031.0,,801337,webster financial corp,0,1,0,0,20100322,brown jeffrey n,80133710000068,Chief Administrative Officer,male,
173505.0,432060.0,801337,webster financial corp,1,1,0,0,20100402,smith james copenhaver,80133710000074,Chairman & Chief Executive Off,male,
41029.0,,801337,webster financial corp,0,1,0,0,20100402,plush gerald p,80133710000075,Sr.EVP - Chief Financial Off,male,
68861.0,,801337,webster financial corp,0,1,0,0,20100402,savage joseph j,80133710000076,"EVP, Commercial Banking",male,
40207.0,,801337,webster financial corp,0,1,0,0,20100402,brown jeffrey n,80133710000077,Chief Administrative Officer,male,
23667.0,,801337,webster financial corp,0,1,0,0,20100402,crecca michelle m,80133710000078,EVP-Marketing,female,
22670.0,,801337,webster financial corp,0,1,0,0,20100402,wolfe harriet munrett,80133710000079,"EVP, General Counsel",female,
24682.0,,801337,webster financial corp,0,1,0,0,20100402,mhatre nitin j.,80133710000080,EVP-Consumer Lending,male,
18201.0,,801337,webster financial corp,0,1,0,0,20100402,slattery anne m,80133710000081,EVP-Retail Banking,female,
18359.0,,801337,webster financial corp,0,1,0,0,20100416,slattery anne m,80133710000090,EVP-Retail Banking,female,
24781.0,,801337,webster financial corp,0,1,0,0,20100416,mhatre nitin j.,80133710000089,EVP-Consumer Lending,male,
22752.0,,801337,webster financial corp,0,1,0,0,20100416,wolfe harriet munrett,80133710000088,"EVP, General Counsel",female,
69019.0,,801337,webster financial corp,0,1,0,0,20100416,savage joseph j,80133710000085,"EVP, Commercial Banking",male,
40363.0,,801337,webster financial corp,0,1,0,0,20100416,brown jeffrey n,80133710000086,Chief Administrative Officer,male,
41342.0,,801337,webster financial corp,0,1,0,0,20100416,plush gerald p,80133710000084,Sr.EVP - Chief Financial Off,male,
174442.0,432060.0,801337,webster financial corp,1,1,0,0,20100416,smith james copenhaver,80133710000083,Chairman & Chief Executive Off,male,
23750.0,,801337,webster financial corp,0,1,0,0,20100416,crecca michelle m,80133710000087,EVP-Marketing,female,
175324.0,432060.0,801337,webster financial corp,1,1,0,0,20100430,smith james copenhaver,80133710000092,Chairman & Chief Executive Off,male,
41638.0,,801337,webster financial corp,0,1,0,0,20100430,plush gerald p,80133710000093,Sr.EVP - Chief Financial Off,male,
69168.0,,801337,webster financial corp,0,1,0,0,20100430,savage joseph j,80133710000094,"EVP, Commercial Banking",male,
40510.0,,801337,webster financial corp,0,1,0,0,20100430,brown jeffrey n,80133710000095,Chief Administrative Officer,male,
23839.0,,801337,webster financial corp,0,1,0,0,20100430,crecca michelle m,80133710000096,EVP-Marketing,female,
22838.0,,801337,webster financial corp,0,1,0,0,20100430,wolfe harriet munrett,80133710000097,"EVP, General Counsel",female,
24884.0,,801337,webster financial corp,0,1,0,0,20100430,mhatre nitin j.,80133710000098,EVP-Consumer Lending,male,
18508.0,,801337,webster financial corp,0,1,0,0,20100430,slattery anne m,80133710000099,EVP-Retail Banking,female,
7509.0,,801337,webster financial corp,1,0,0,0,20100503,shivery charles w,80133710000109,,male,
6764.0,,801337,webster financial corp,1,0,0,0,20100503,pettie mark,80133710000107,,male,
9239.0,,801337,webster financial corp,1,0,0,0,20100503,osar karen r,80133710000106,,female,
9532.0,,801337,webster financial corp,1,0,0,0,20100503,morse laurence c,80133710000105,,female,
6409.0,,801337,webster financial corp,1,0,0,0,20100503,coulter david a,80133710000101,,male,
23595.0,,801337,webster financial corp,1,0,0,0,20100503,finkenzeller robert a,80133710000103,,male,
34911.0,,801337,webster financial corp,1,0,0,0,20100503,crawford john joseph,80133710000102,,male,
34174.0,,801337,webster financial corp,1,0,0,0,20100503,becker joel s,80133710000100,,male,
29677.0,,801337,webster financial corp,1,0,0,0,20100503,jacobi c michael,80133710000104,,male,
67168.0,,801337,webster financial corp,0,1,0,0,20100505,savage joseph j,80133710000111,"EVP, Commercial Banking",male,
65168.0,,801337,webster financial corp,0,1,0,0,20100507,savage joseph j,80133710000112,"EVP, Commercial Banking",male,
22923.0,,801337,webster financial corp,0,1,0,0,20100514,wolfe harriet munrett,80133710000120,"EVP, General Counsel",female,
18657.0,,801337,webster financial corp,0,1,0,0,20100514,slattery anne m,80133710000122,EVP-Retail Banking,female,
23926.0,,801337,webster financial corp,0,1,0,0,20100514,crecca michelle m,80133710000119,EVP-Marketing,female,
24986.0,,801337,webster financial corp,0,1,0,0,20100514,mhatre nitin j.,80133710000121,EVP-Consumer Lending,male,
65314.0,,801337,webster financial corp,0,1,0,0,20100514,savage joseph j,80133710000117,"EVP, Commercial Banking",male,
41930.0,1354.0,801337,webster financial corp,0,1,0,0,20100514,plush gerald p,80133710000116,Sr.EVP - Chief Financial Off,male,
190042.0,418216.0,801337,webster financial corp,1,1,0,0,20100514,smith james copenhaver,80133710000114,Chairman & Chief Executive Off,male,
40655.0,,801337,webster financial corp,0,1,0,0,20100514,brown jeffrey n,80133710000118,Chief Administrative Officer,male,
190998.0,418216.0,801337,webster financial corp,1,1,0,0,20100528,smith james copenhaver,80133710000124,Chairman & Chief Executive Off,male,
42251.0,1354.0,801337,webster financial corp,0,1,0,0,20100528,plush gerald p,80133710000125,Sr.EVP - Chief Financial Off,male,
65475.0,,801337,webster financial corp,0,1,0,0,20100528,savage joseph j,80133710000126,"EVP, Commercial Banking",male,
40814.0,,801337,webster financial corp,0,1,0,0,20100528,brown jeffrey n,80133710000127,Chief Administrative Officer,male,
24022.0,,801337,webster financial corp,0,1,0,0,20100528,crecca michelle m,80133710000128,EVP-Marketing,female,
23017.0,,801337,webster financial corp,0,1,0,0,20100528,wolfe harriet munrett,80133710000129,"EVP, General Counsel",female,
25097.0,,801337,webster financial corp,0,1,0,0,20100528,mhatre nitin j.,80133710000130,EVP-Consumer Lending,male,
18818.0,,801337,webster financial corp,0,1,0,0,20100528,slattery anne m,80133710000131,EVP-Retail Banking,female,
18983.0,,801337,webster financial corp,0,1,0,0,20100611,slattery anne m,80133710000140,EVP-Retail Banking,female,
25210.0,,801337,webster financial corp,0,1,0,0,20100611,mhatre nitin j.,80133710000139,EVP-Consumer Lending,male,
23111.0,,801337,webster financial corp,0,1,0,0,20100611,wolfe harriet munrett,80133710000138,"EVP, General Counsel",female,
24120.0,,801337,webster financial corp,0,1,0,0,20100611,crecca michelle m,80133710000137,EVP-Marketing,female,
65640.0,,801337,webster financial corp,0,1,0,0,20100611,savage joseph j,80133710000135,"EVP, Commercial Banking",male,
42577.0,1354.0,801337,webster financial corp,0,1,0,0,20100611,plush gerald p,80133710000134,Sr.EVP - Chief Financial Off,male,
191976.0,418216.0,801337,webster financial corp,1,1,0,0,20100611,smith james copenhaver,80133710000133,Chairman & Chief Executive Off,male,
40976.0,,801337,webster financial corp,0,1,0,0,20100611,brown jeffrey n,80133710000136,Chief Administrative Officer,male,
192963.0,418216.0,801337,webster financial corp,1,1,0,0,20100625,smith james copenhaver,80133710000143,Chairman & Chief Executive Off,male,
42908.0,1354.0,801337,webster financial corp,0,1,0,0,20100625,plush gerald p,80133710000144,Sr.EVP - Chief Financial Off,male,
65804.0,,801337,webster financial corp,0,1,0,0,20100625,savage joseph j,80133710000145,"EVP, Commercial Banking",male,
41140.0,,801337,webster financial corp,0,1,0,0,20100625,brown jeffrey n,80133710000146,Chief Administrative Officer,male,
24219.0,,801337,webster financial corp,0,1,0,0,20100625,crecca michelle m,80133710000147,EVP-Marketing,female,
23208.0,,801337,webster financial corp,0,1,0,0,20100625,wolfe harriet munrett,80133710000148,"EVP, General Counsel",female,
25325.0,,801337,webster financial corp,0,1,0,0,20100625,mhatre nitin j.,80133710000149,EVP-Consumer Lending,male,
19150.0,,801337,webster financial corp,0,1,0,0,20100625,slattery anne m,80133710000150,EVP-Retail Banking,female,
193952.0,418216.0,801337,webster financial corp,1,1,0,0,20100709,smith james copenhaver,80133710000161,Chairman & Chief Executive Off,male,
43239.0,1354.0,801337,webster financial corp,0,1,0,0,20100709,plush gerald p,80133710000160,Sr.EVP - Chief Financial Off,male,
65971.0,,801337,webster financial corp,0,1,0,0,20100709,savage joseph j,80133710000159,"EVP, Commercial Banking",male,
23304.0,,801337,webster financial corp,0,1,0,0,20100709,wolfe harriet munrett,80133710000156,"EVP, General Counsel",female,
24318.0,,801337,webster financial corp,0,1,0,0,20100709,crecca michelle m,80133710000157,EVP-Marketing,female,
41305.0,,801337,webster financial corp,0,1,0,0,20100709,brown jeffrey n,80133710000158,Chief Administrative Officer,male,
19318.0,,801337,webster financial corp,0,1,0,0,20100709,slattery anne m,80133710000155,EVP-Retail Banking,female,
25439.0,,801337,webster financial corp,0,1,0,0,20100709,mhatre nitin j.,80133710000154,EVP-Consumer Lending,male,
19488.0,,801337,webster financial corp,0,1,0,0,20100723,slattery anne m,80133710000163,EVP-Retail Banking,female,78474088.0
25558.0,,801337,webster financial corp,0,1,0,0,20100723,mhatre nitin j.,80133710000164,EVP-Consumer Lending,male,78474088.0
23402.0,,801337,webster financial corp,0,1,0,0,20100723,wolfe harriet munrett,80133710000165,"EVP, General Counsel",female,78474088.0
24418.0,,801337,webster financial corp,0,1,0,0,20100723,crecca michelle m,80133710000166,EVP-Marketing,female,78474088.0
41473.0,,801337,webster financial corp,0,1,0,0,20100723,brown jeffrey n,80133710000167,Chief Administrative Officer,male,78474088.0
66141.0,,801337,webster financial corp,0,1,0,0,20100723,savage joseph j,80133710000168,"EVP, Commercial Banking",male,78474088.0
43578.0,1354.0,801337,webster financial corp,0,1,0,0,20100723,plush gerald p,80133710000169,Sr.EVP - Chief Financial Off,male,78474088.0
194692.0,418216.0,801337,webster financial corp,1,1,0,0,20100723,smith james copenhaver,80133710000170,Chairman & Chief Executive Off,male,78474088.0
61141.0,,801337,webster financial corp,0,1,0,0,20100804,savage joseph j,80133710000173,EVP - Commercial Banking,male,78474088.0
7953.0,,801337,webster financial corp,0,1,0,0,20100805,bley daniel,80133710000175,EVP-Chief Risk Officer,male,78474088.0
195959.0,418216.0,801337,webster financial corp,1,1,0,0,20100806,smith james copenhaver,80133710000184,Chairman & Chief Executive Off,male,78474088.0
43912.0,1354.0,801337,webster financial corp,0,1,0,0,20100806,plush gerald p,80133710000183,Sr.EVP - Chief Financial Off,male,78474088.0
61308.0,,801337,webster financial corp,0,1,0,0,20100806,savage joseph j,80133710000182,EVP - Commercial Banking,male,78474088.0
25673.0,,801337,webster financial corp,0,1,0,0,20100806,mhatre nitin j.,80133710000178,EVP-Consumer Lending,male,78474088.0
24518.0,,801337,webster financial corp,0,1,0,0,20100806,crecca michelle m,80133710000180,EVP-Marketing,female,78474088.0
23499.0,,801337,webster financial corp,0,1,0,0,20100806,wolfe harriet munrett,80133710000179,EVP - General Counsel,female,78474088.0
19657.0,,801337,webster financial corp,0,1,0,0,20100806,slattery anne m,80133710000177,EVP-Retail Banking,female,78474088.0
41638.0,,801337,webster financial corp,0,1,0,0,20100806,brown jeffrey n,80133710000181,Chief Administrative Officer,male,78474088.0
,418216.0,801337,webster financial corp,1,1,0,0,20100816,smith james copenhaver,80133710000186,Chairman & Chief Executive Off,male,78474088.0
19845.0,,801337,webster financial corp,0,1,0,0,20100820,slattery anne m,80133710000195,EVP-Retail Banking,female,78474088.0
8013.0,,801337,webster financial corp,0,1,0,0,20100820,bley daniel,80133710000197,EVP-Chief Risk Officer,male,78474088.0
25802.0,,801337,webster financial corp,0,1,0,0,20100820,mhatre nitin j.,80133710000194,EVP-Consumer Lending,male,78474088.0
23607.0,,801337,webster financial corp,0,1,0,0,20100820,wolfe harriet munrett,80133710000193,EVP - General Counsel,female,78474088.0
197066.0,418216.0,801337,webster financial corp,1,1,0,0,20100820,smith james copenhaver,80133710000188,Chairman & Chief Executive Off,male,78474088.0
41822.0,,801337,webster financial corp,0,1,0,0,20100820,brown jeffrey n,80133710000191,Chief Administrative Officer,male,78474088.0
61494.0,,801337,webster financial corp,0,1,0,0,20100820,savage joseph j,80133710000190,EVP - Commercial Banking,male,78474088.0
44282.0,1354.0,801337,webster financial corp,0,1,0,0,20100820,plush gerald p,80133710000189,Sr.EVP - Chief Financial Off,male,78474088.0
24629.0,,801337,webster financial corp,0,1,0,0,20100820,crecca michelle m,80133710000192,EVP-Marketing,female,78474088.0
25931.0,,801337,webster financial corp,0,1,0,0,20100902,mhatre nitin j.,80133710000205,EVP-Consumer Lending,male,78474088.0
23716.0,,801337,webster financial corp,0,1,0,0,20100902,wolfe harriet munrett,80133710000204,EVP - General Counsel,female,78474088.0
24741.0,,801337,webster financial corp,0,1,0,0,20100902,crecca michelle m,80133710000203,EVP-Marketing,female,78474088.0
8105.0,,801337,webster financial corp,0,1,0,0,20100902,bley daniel,80133710000207,EVP-Chief Risk Officer,male,78474088.0
61682.0,,801337,webster financial corp,0,1,0,0,20100902,savage joseph j,80133710000201,EVP - Commercial Banking,male,78474088.0
44656.0,1354.0,801337,webster financial corp,0,1,0,0,20100902,plush gerald p,80133710000200,Sr.EVP - Chief Financial Off,male,78474088.0
198855.0,418216.0,801337,webster financial corp,1,1,0,0,20100902,smith james copenhaver,80133710000199,Chairman & Chief Executive Off,male,78474088.0
42008.0,,801337,webster financial corp,0,1,0,0,20100902,brown jeffrey n,80133710000202,Chief Administrative Officer,male,78474088.0
20033.0,,801337,webster financial corp,0,1,0,0,20100902,slattery anne m,80133710000206,EVP-Retail Banking,female,78474088.0
8189.0,,801337,webster financial corp,0,1,0,0,20100917,bley daniel,80133710000217,EVP-Chief Risk Officer,male,78474088.0
200584.0,418216.0,801337,webster financial corp,1,1,0,0,20100917,smith james copenhaver,80133710000209,Chairman & Chief Executive Off,male,78474088.0
45017.0,1354.0,801337,webster financial corp,0,1,0,0,20100917,plush gerald p,80133710000210,Sr.EVP - Chief Financial Off,male,78474088.0
61863.0,,801337,webster financial corp,0,1,0,0,20100917,savage joseph j,80133710000211,EVP - Commercial Banking,male,78474088.0
42187.0,,801337,webster financial corp,0,1,0,0,20100917,brown jeffrey n,80133710000212,Chief Administrative Officer,male,78474088.0
24849.0,,801337,webster financial corp,0,1,0,0,20100917,crecca michelle m,80133710000213,EVP-Marketing,female,78474088.0
23820.0,,801337,webster financial corp,0,1,0,0,20100917,wolfe harriet munrett,80133710000214,EVP - General Counsel,female,78474088.0
26057.0,,801337,webster financial corp,0,1,0,0,20100917,mhatre nitin j.,80133710000215,EVP-Consumer Lending,male,78474088.0
20215.0,,801337,webster financial corp,0,1,0,0,20100917,slattery anne m,80133710000216,EVP-Retail Banking,female,78474088.0
26181.0,,801337,webster financial corp,0,1,0,0,20101001,mhatre nitin j.,80133710000226,EVP-Consumer Lending,male,78474088.0
20396.0,,801337,webster financial corp,0,1,0,0,20101001,slattery anne m,80133710000227,EVP-Retail Banking,female,78474088.0
23924.0,,801337,webster financial corp,0,1,0,0,20101001,wolfe harriet munrett,80133710000225,EVP - General Counsel,female,78474088.0
8272.0,,801337,webster financial corp,0,1,0,0,20101001,bley daniel,80133710000228,EVP-Chief Risk Officer,male,78474088.0
42365.0,,801337,webster financial corp,0,1,0,0,20101001,brown jeffrey n,80133710000223,Chief Administrative Officer,male,78474088.0
62043.0,,801337,webster financial corp,0,1,0,0,20101001,savage joseph j,80133710000222,EVP - Commercial Banking,male,78474088.0
45375.0,1354.0,801337,webster financial corp,0,1,0,0,20101001,plush gerald p,80133710000221,Sr.EVP - Chief Financial Off,male,78474088.0
24956.0,,801337,webster financial corp,0,1,0,0,20101001,crecca michelle m,80133710000224,EVP-Marketing,female,78474088.0
202299.0,418216.0,801337,webster financial corp,1,1,0,0,20101001,smith james copenhaver,80133710000220,Chairman & Chief Executive Off,male,78474088.0
8352.0,,801337,webster financial corp,0,1,0,0,20101015,bley daniel,80133710000238,EVP-Chief Risk Officer,male,78474088.0
20572.0,,801337,webster financial corp,0,1,0,0,20101015,slattery anne m,80133710000237,EVP-Retail Banking,female,78474088.0
26302.0,,801337,webster financial corp,0,1,0,0,20101015,mhatre nitin j.,80133710000236,EVP-Consumer Lending,male,78474088.0
24026.0,,801337,webster financial corp,0,1,0,0,20101015,wolfe harriet munrett,80133710000235,EVP - General Counsel,female,78474088.0
45724.0,1354.0,801337,webster financial corp,0,1,0,0,20101015,plush gerald p,80133710000231,Sr.EVP - Chief Financial Off,male,78474088.0
42538.0,,801337,webster financial corp,0,1,0,0,20101015,brown jeffrey n,80133710000233,Chief Administrative Officer,male,78474088.0
62218.0,,801337,webster financial corp,0,1,0,0,20101015,savage joseph j,80133710000232,EVP - Commercial Banking,male,78474088.0
203973.0,418216.0,801337,webster financial corp,1,1,0,0,20101015,smith james copenhaver,80133710000230,Chairman & Chief Executive Off,male,78474088.0
25060.0,,801337,webster financial corp,0,1,0,0,20101015,crecca michelle m,80133710000234,EVP-Marketing,female,78474088.0
205743.0,418216.0,801337,webster financial corp,1,1,0,0,20101029,smith james copenhaver,80133710000240,Chairman & Chief Executive Off,male,78507624.0
46094.0,1354.0,801337,webster financial corp,0,1,0,0,20101029,plush gerald p,80133710000241,Sr.EVP - Chief Financial Off,male,78507624.0
62404.0,,801337,webster financial corp,0,1,0,0,20101029,savage joseph j,80133710000242,EVP - Commercial Banking,male,78507624.0
42721.0,,801337,webster financial corp,0,1,0,0,20101029,brown jeffrey n,80133710000243,Chief Administrative Officer,male,78507624.0
25170.0,,801337,webster financial corp,0,1,0,0,20101029,crecca michelle m,80133710000244,EVP-Marketing,female,78507624.0
24133.0,,801337,webster financial corp,0,1,0,0,20101029,wolfe harriet munrett,80133710000245,EVP - General Counsel,female,78507624.0
26431.0,,801337,webster financial corp,0,1,0,0,20101029,mhatre nitin j.,80133710000246,EVP-Consumer Lending,male,78507624.0
20757.0,,801337,webster financial corp,0,1,0,0,20101029,slattery anne m,80133710000247,EVP-Retail Banking,female,78507624.0
8445.0,,801337,webster financial corp,0,1,0,0,20101029,bley daniel,80133710000248,EVP-Chief Risk Officer,male,78507624.0
20931.0,,801337,webster financial corp,0,1,0,0,20101112,slattery anne m,80133710000257,EVP-Retail Banking,female,78507624.0
26550.0,,801337,webster financial corp,0,1,0,0,20101112,mhatre nitin j.,80133710000256,EVP-Consumer Lending,male,78507624.0
24234.0,,801337,webster financial corp,0,1,0,0,20101112,wolfe harriet munrett,80133710000255,EVP - General Counsel,female,78507624.0
8533.0,,801337,webster financial corp,0,1,0,0,20101112,bley daniel,80133710000258,EVP-Chief Risk Officer,male,78507624.0
42892.0,,801337,webster financial corp,0,1,0,0,20101112,brown jeffrey n,80133710000253,Chief Administrative Officer,male,78507624.0
62577.0,,801337,webster financial corp,0,1,0,0,20101112,savage joseph j,80133710000252,EVP - Commercial Banking,male,78507624.0
46440.0,1354.0,801337,webster financial corp,0,1,0,0,20101112,plush gerald p,80133710000251,Sr.EVP - Chief Financial Off,male,78507624.0
25274.0,,801337,webster financial corp,0,1,0,0,20101112,crecca michelle m,80133710000254,EVP-Marketing,female,78507624.0
207399.0,418216.0,801337,webster financial corp,1,1,0,0,20101112,smith james copenhaver,80133710000250,Chairman & Chief Executive Off,male,78507624.0
,418216.0,801337,webster financial corp,1,1,0,0,20101116,smith james copenhaver,80133710000260,Chairman & Chief Executive Off,male,78507624.0
8627.0,,801337,webster financial corp,0,1,0,0,20101126,bley daniel,80133710000270,EVP-Chief Risk Officer,male,78507624.0
21117.0,,801337,webster financial corp,0,1,0,0,20101126,slattery anne m,80133710000269,EVP-Retail Banking,female,78507624.0
26679.0,,801337,webster financial corp,0,1,0,0,20101126,mhatre nitin j.,80133710000268,EVP-Consumer Lending,male,78507624.0
24341.0,,801337,webster financial corp,0,1,0,0,20101126,wolfe harriet munrett,80133710000267,EVP - General Counsel,female,78507624.0
43076.0,,801337,webster financial corp,0,1,0,0,20101126,brown jeffrey n,80133710000265,Chief Administrative Officer,male,78507624.0
62763.0,,801337,webster financial corp,0,1,0,0,20101126,savage joseph j,80133710000264,EVP - Commercial Banking,male,78507624.0
46810.0,1354.0,801337,webster financial corp,0,1,0,0,20101126,plush gerald p,80133710000263,Sr.EVP - Chief Financial Off,male,78507624.0
209169.0,418216.0,801337,webster financial corp,1,1,0,0,20101126,smith james copenhaver,80133710000262,Chairman & Chief Executive Off,male,78507624.0
25384.0,,801337,webster financial corp,0,1,0,0,20101126,crecca michelle m,80133710000266,EVP-Marketing,female,78507624.0
21294.0,,801337,webster financial corp,0,1,0,0,20101210,slattery anne m,80133710000279,EVP-Retail Banking,female,78507624.0
26800.0,,801337,webster financial corp,0,1,0,0,20101210,mhatre nitin j.,80133710000278,EVP-Consumer Lending,male,78507624.0
24442.0,,801337,webster financial corp,0,1,0,0,20101210,wolfe harriet munrett,80133710000277,EVP - General Counsel,female,78507624.0
8716.0,,801337,webster financial corp,0,1,0,0,20101210,bley daniel,80133710000280,EVP-Chief Risk Officer,male,78507624.0
62938.0,,801337,webster financial corp,0,1,0,0,20101210,savage joseph j,80133710000274,EVP - Commercial Banking,male,78507624.0
47158.0,1354.0,801337,webster financial corp,0,1,0,0,20101210,plush gerald p,80133710000273,Sr.EVP - Chief Financial Off,male,78507624.0
210842.0,418216.0,801337,webster financial corp,1,1,0,0,20101210,smith james copenhaver,80133710000272,Chairman & Chief Executive Off,male,78507624.0
25488.0,,801337,webster financial corp,0,1,0,0,20101210,crecca michelle m,80133710000276,EVP-Marketing,female,78507624.0
43249.0,,801337,webster financial corp,0,1,0,0,20101210,brown jeffrey n,80133710000275,Chief Administrative Officer,male,78507624.0
23756.0,,801337,webster financial corp,0,1,0,0,20101221,wolfe harriet munrett,80133710000282,EVP - General Counsel,female,78507624.0
24909.0,,801337,webster financial corp,0,1,0,0,20101221,crecca michelle m,80133710000283,EVP-Marketing,female,78507624.0
8798.0,,801337,webster financial corp,0,1,0,0,20101227,bley daniel,80133710000294,EVP-Chief Risk Officer,male,78507624.0
212407.0,418216.0,801337,webster financial corp,1,1,0,0,20101227,smith james copenhaver,80133710000286,Chairman & Chief Executive Off,male,78507624.0
47485.0,1354.0,801337,webster financial corp,0,1,0,0,20101227,plush gerald p,80133710000287,Sr.EVP - Chief Financial Off,male,78507624.0
63102.0,,801337,webster financial corp,0,1,0,0,20101227,savage joseph j,80133710000288,EVP - Commercial Banking,male,78507624.0
43411.0,,801337,webster financial corp,0,1,0,0,20101227,brown jeffrey n,80133710000289,Chief Administrative Officer,male,78507624.0
25007.0,,801337,webster financial corp,0,1,0,0,20101227,crecca michelle m,80133710000290,EVP-Marketing,female,78507624.0
23851.0,,801337,webster financial corp,0,1,0,0,20101227,wolfe harriet munrett,80133710000291,EVP - General Counsel,female,78507624.0
26913.0,,801337,webster financial corp,0,1,0,0,20101227,mhatre nitin j.,80133710000292,EVP-Consumer Lending,male,78507624.0
21455.0,,801337,webster financial corp,0,1,0,0,20101227,slattery anne m,80133710000293,EVP-Retail Banking,female,78507624.0
,,801337,webster financial corp,1,0,0,0.0,20101229,coulter david a,120919110062796,,male,78507624.0
,418216.0,801337,webster financial corp,1,1,0,0,20110103,smith james copenhaver,80133711000002,Chairman & Chief Executive Off,male,1100000.0
23935.0,,801337,webster financial corp,0,1,0,0,20110107,wolfe harriet munrett,80133711000009,EVP - General Counsel,female,1100000.0
27014.0,,801337,webster financial corp,0,1,0,0,20110107,mhatre nitin j.,80133711000010,EVP-Consumer Lending,male,1100000.0
8873.0,,801337,webster financial corp,0,1,0,0,20110107,bley daniel,80133711000012,EVP-Chief Risk Officer,male,1100000.0
43553.0,,801337,webster financial corp,0,1,0,0,20110107,brown jeffrey n,80133711000007,Chief Administrative Officer,male,1100000.0
25093.0,,801337,webster financial corp,0,1,0,0,20110107,crecca michelle m,80133711000008,EVP-Marketing,female,1100000.0
47773.0,1354.0,801337,webster financial corp,1,1,0,0,20110107,plush gerald p,80133711000005,Vice Chairman & COO,male,1100000.0
213424.0,418216.0,801337,webster financial corp,1,1,0,0,20110107,smith james copenhaver,80133711000004,Chairman & Chief Executive Off,male,1100000.0
21600.0,,801337,webster financial corp,0,1,0,0,20110107,slattery anne m,80133711000011,EVP-Retail Banking,female,1100000.0
63246.0,,801337,webster financial corp,0,1,0,0,20110107,savage joseph j,80133711000006,EVP - Commercial Banking,male,1100000.0
242067.0,390074.0,801337,webster financial corp,1,1,0,0,20110121,smith james copenhaver,80133711000014,Chairman & Chief Executive Off,male,1100000.0
47904.0,1354.0,801337,webster financial corp,1,1,0,0,20110121,plush gerald p,80133711000015,Vice Chairman & COO,male,1100000.0
63313.0,,801337,webster financial corp,0,1,0,0,20110121,savage joseph j,80133711000016,EVP - Commercial Banking,male,1100000.0
43617.0,,801337,webster financial corp,0,1,0,0,20110121,brown jeffrey n,80133711000017,Chief Administrative Officer,male,1100000.0
25125.0,,801337,webster financial corp,0,1,0,0,20110121,crecca michelle m,80133711000018,EVP-Marketing,female,1100000.0
24011.0,,801337,webster financial corp,0,1,0,0,20110121,wolfe harriet munrett,80133711000019,EVP - General Counsel,female,1100000.0
27062.0,,801337,webster financial corp,0,1,0,0,20110121,mhatre nitin j.,80133711000020,EVP-Consumer Lending,male,1100000.0
21666.0,,801337,webster financial corp,0,1,0,0,20110121,slattery anne m,80133711000021,EVP-Retail Banking,female,1100000.0
8942.0,,801337,webster financial corp,0,1,0,0,20110121,bley daniel,80133711000022,EVP-Chief Risk Officer,male,1100000.0
9008.0,,801337,webster financial corp,0,1,0,0,20110204,bley daniel,80133711000032,EVP-Chief Risk Officer,male,87159837.0
21730.0,,801337,webster financial corp,0,1,0,0,20110204,slattery anne m,80133711000031,EVP-Retail Banking,female,87159837.0
27108.0,,801337,webster financial corp,0,1,0,0,20110204,mhatre nitin j.,80133711000030,EVP-Consumer Lending,male,87159837.0
43678.0,,801337,webster financial corp,0,1,0,0,20110204,brown jeffrey n,80133711000027,Chief Administrative Officer,male,87159837.0
25155.0,,801337,webster financial corp,0,1,0,0,20110204,crecca michelle m,80133711000028,EVP-Marketing,female,87159837.0
63378.0,,801337,webster financial corp,0,1,0,0,20110204,savage joseph j,80133711000026,EVP - Commercial Banking,male,87159837.0
48030.0,1354.0,801337,webster financial corp,1,1,0,0,20110204,plush gerald p,80133711000025,Vice Chairman & COO,male,87159837.0
24085.0,,801337,webster financial corp,0,1,0,0,20110204,wolfe harriet munrett,80133711000029,EVP - General Counsel,female,87159837.0
242549.0,390074.0,801337,webster financial corp,1,1,0,0,20110204,smith james copenhaver,80133711000024,Chairman & Chief Executive Off,male,87159837.0
227642.0,392926.0,801337,webster financial corp,1,1,0,0,20110217,smith james copenhaver,80133711000045,Chairman & Chief Executive Off,male,87159837.0
228119.0,392926.0,801337,webster financial corp,1,1,0,0,20110218,smith james copenhaver,80133711000047,Chairman & Chief Executive Off,male,87159837.0
48197.0,1354.0,801337,webster financial corp,1,1,0,0,20110218,plush gerald p,80133711000048,Vice Chairman & COO,male,87159837.0
43752.0,,801337,webster financial corp,0,1,0,0,20110218,brown jeffrey n,80133711000049,Chief Administrative Officer,male,87159837.0
63456.0,,801337,webster financial corp,0,1,0,0,20110218,savage joseph j,80133711000050,EVP - Commercial Banking,male,87159837.0
25196.0,,801337,webster financial corp,0,1,0,0,20110218,crecca michelle m,80133711000051,EVP-Marketing,female,87159837.0
27165.0,,801337,webster financial corp,0,1,0,0,20110218,mhatre nitin j.,80133711000053,EVP-Consumer Lending,male,87159837.0
24166.0,,801337,webster financial corp,0,1,0,0,20110218,wolfe harriet munrett,80133711000052,EVP - General Counsel,female,87159837.0
21797.0,,801337,webster financial corp,0,1,0,0,20110218,slattery anne m,80133711000054,EVP-Retail Banking,female,87159837.0
9075.0,,801337,webster financial corp,0,1,0,0,20110218,bley daniel,80133711000055,EVP-Chief Risk Officer,male,87159837.0
273396.0,392926.0,801337,webster financial corp,1,1,0,0,20110224,smith james copenhaver,80133711000057,Chairman & Chief Executive Off,male,87159837.0
16230.0,,801337,webster financial corp,0,1,0,0,20110224,bley daniel,80133711000065,EVP-Chief Risk Officer,male,87159837.0
30726.0,,801337,webster financial corp,0,1,0,0,20110224,mhatre nitin j.,80133711000064,EVP-Consumer Lending,male,87159837.0
30885.0,,801337,webster financial corp,0,1,0,0,20110224,wolfe harriet munrett,80133711000063,EVP - General Counsel,female,87159837.0
68429.0,1354.0,801337,webster financial corp,1,1,0,0,20110224,plush gerald p,80133711000058,Vice Chairman & COO,male,87159837.0
30619.0,,801337,webster financial corp,0,1,0,0,20110224,slattery anne m,80133711000061,EVP-Retail Banking,female,87159837.0
53509.0,,801337,webster financial corp,0,1,0,0,20110224,brown jeffrey n,80133711000060,Chief Administrative Officer,male,87159837.0
32011.0,,801337,webster financial corp,0,1,0,0,20110224,crecca michelle m,80133711000062,EVP-Marketing,female,87159837.0
73637.0,,801337,webster financial corp,0,1,0,0,20110224,savage joseph j,80133711000059,EVP - Commercial Banking,male,87159837.0
16297.0,,801337,webster financial corp,0,1,0,0,20110304,bley daniel,80133711000075,EVP-Chief Risk Officer,male,87159837.0
30683.0,,801337,webster financial corp,0,1,0,0,20110304,slattery anne m,80133711000074,EVP-Retail Banking,female,87159837.0
30959.0,,801337,webster financial corp,0,1,0,0,20110304,wolfe harriet munrett,80133711000072,EVP - General Counsel,female,87159837.0
30773.0,,801337,webster financial corp,0,1,0,0,20110304,mhatre nitin j.,80133711000073,EVP-Consumer Lending,male,87159837.0
53571.0,,801337,webster financial corp,0,1,0,0,20110304,brown jeffrey n,80133711000070,Chief Administrative Officer,male,87159837.0
73702.0,,801337,webster financial corp,0,1,0,0,20110304,savage joseph j,80133711000069,EVP - Commercial Banking,male,87159837.0
68566.0,1354.0,801337,webster financial corp,1,1,0,0,20110304,plush gerald p,80133711000068,Vice Chairman & COO,male,87159837.0
273880.0,392926.0,801337,webster financial corp,1,1,0,0,20110304,smith james copenhaver,80133711000067,Chairman & Chief Executive Off,male,87159837.0
32041.0,,801337,webster financial corp,0,1,0,0,20110304,crecca michelle m,80133711000071,EVP-Marketing,female,87159837.0
68719.0,1354.0,801337,webster financial corp,1,1,0,0,20110318,plush gerald p,80133711000080,Vice Chairman & COO,male,87159837.0
73780.0,,801337,webster financial corp,0,1,0,0,20110318,savage joseph j,80133711000081,EVP - Commercial Banking,male,87159837.0
53642.0,,801337,webster financial corp,0,1,0,0,20110318,brown jeffrey n,80133711000082,Chief Administrative Officer,male,87159837.0
32076.0,,801337,webster financial corp,0,1,0,0,20110318,crecca michelle m,80133711000083,EVP-Marketing,female,87159837.0
31042.0,,801337,webster financial corp,0,1,0,0,20110318,wolfe harriet munrett,80133711000084,EVP - General Counsel,female,87159837.0
30825.0,,801337,webster financial corp,0,1,0,0,20110318,mhatre nitin j.,80133711000085,EVP-Consumer Lending,male,87159837.0
30755.0,,801337,webster financial corp,0,1,0,0,20110318,slattery anne m,80133711000086,EVP-Retail Banking,female,87159837.0
16372.0,,801337,webster financial corp,0,1,0,0,20110318,bley daniel,80133711000087,EVP-Chief Risk Officer,male,87159837.0
274419.0,392926.0,801337,webster financial corp,1,1,0,0,20110318,smith james copenhaver,80133711000079,Chairman & Chief Executive Off,male,87159837.0
30829.0,,801337,webster financial corp,0,1,0,0,20110401,slattery anne m,80133711000096,EVP-Retail Banking,female,87159837.0
30874.0,,801337,webster financial corp,0,1,0,0,20110401,mhatre nitin j.,80133711000095,EVP-Consumer Lending,male,87159837.0
274937.0,392926.0,801337,webster financial corp,1,1,0,0,20110401,smith james copenhaver,80133711000089,Chairman & Chief Executive Off,male,87159837.0
31121.0,,801337,webster financial corp,0,1,0,0,20110401,wolfe harriet munrett,80133711000094,EVP - General Counsel,female,87159837.0
32109.0,,801337,webster financial corp,0,1,0,0,20110401,crecca michelle m,80133711000093,EVP-Marketing,female,87159837.0
16448.0,,801337,webster financial corp,0,1,0,0,20110401,bley daniel,80133711000097,EVP-Chief Risk Officer,male,87159837.0
73855.0,,801337,webster financial corp,0,1,0,0,20110401,savage joseph j,80133711000091,EVP - Commercial Banking,male,87159837.0
68865.0,1354.0,801337,webster financial corp,1,1,0,0,20110401,plush gerald p,80133711000090,Vice Chairman & COO,male,87159837.0
53714.0,,801337,webster financial corp,0,1,0,0,20110401,brown jeffrey n,80133711000092,Chief Administrative Officer,male,87159837.0
73930.0,,801337,webster financial corp,0,1,0,0,20110415,savage joseph j,80133711000101,EVP - Commercial Banking,male,87159837.0
69014.0,1354.0,801337,webster financial corp,1,1,0,0,20110415,plush gerald p,80133711000100,Vice Chairman & COO,male,87159837.0
16526.0,,801337,webster financial corp,0,1,0,0,20110415,bley daniel,80133711000107,EVP-Chief Risk Officer,male,87159837.0
30903.0,,801337,webster financial corp,0,1,0,0,20110415,slattery anne m,80133711000106,EVP-Retail Banking,female,87159837.0
275460.0,392926.0,801337,webster financial corp,1,1,0,0,20110415,smith james copenhaver,80133711000099,Chairman & Chief Executive Off,male,87159837.0
31201.0,,801337,webster financial corp,0,1,0,0,20110415,wolfe harriet munrett,80133711000104,EVP - General Counsel,female,87159837.0
32141.0,,801337,webster financial corp,0,1,0,0,20110415,crecca michelle m,80133711000103,EVP-Marketing,female,87159837.0
53785.0,,801337,webster financial corp,0,1,0,0,20110415,brown jeffrey n,80133711000102,Chief Administrative Officer,male,87159837.0
30925.0,,801337,webster financial corp,0,1,0,0,20110415,mhatre nitin j.,80133711000105,EVP-Consumer Lending,male,87159837.0
100371.0,1354.0,801337,webster financial corp,1,1,0,0,20110427,plush gerald p,80133711000109,Vice Chairman & COO,male,87159837.0
9202.0,,801337,webster financial corp,1,0,0,0,20110429,coulter david a,80133711000121,,male,87537448.0
12032.0,,801337,webster financial corp,1,0,0,0,20110429,osar karen r,80133711000127,,female,87537448.0
9557.0,,801337,webster financial corp,1,0,0,0,20110429,pettie mark,80133711000126,,male,87537448.0
12328.0,,801337,webster financial corp,1,0,0,0,20110429,morse laurence c,80133711000125,,female,87537448.0
32470.0,,801337,webster financial corp,1,0,0,0,20110429,jacobi c michael,80133711000124,,male,87537448.0
26388.0,,801337,webster financial corp,1,0,0,0,20110429,finkenzeller robert a,80133711000123,,male,87537448.0
10302.0,,801337,webster financial corp,1,0,0,0,20110429,shivery charles w,80133711000128,,male,87537448.0
37704.0,,801337,webster financial corp,1,0,0,0,20110429,crawford john joseph,80133711000122,,male,87537448.0
30976.0,,801337,webster financial corp,0,1,0,0,20110429,slattery anne m,80133711000118,EVP-Retail Banking,female,87537448.0
16602.0,,801337,webster financial corp,0,1,0,0,20110429,bley daniel,80133711000119,EVP-Chief Risk Officer,male,87537448.0
275975.0,392926.0,801337,webster financial corp,1,1,0,0,20110429,smith james copenhaver,80133711000111,Chairman & Chief Executive Off,male,87537448.0
100517.0,1354.0,801337,webster financial corp,1,1,0,0,20110429,plush gerald p,80133711000112,Vice Chairman & COO,male,87537448.0
74004.0,,801337,webster financial corp,0,1,0,0,20110429,savage joseph j,80133711000113,EVP - Commercial Banking,male,87537448.0
36985.0,,801337,webster financial corp,1,0,0,0,20110429,becker joel s,80133711000120,,male,87537448.0
26347.0,,801337,webster financial corp,0,1,0,0,20110429,crecca michelle m,80133711000115,EVP-Marketing,female,87537448.0
31286.0,,801337,webster financial corp,0,1,0,0,20110429,wolfe harriet munrett,80133711000116,EVP - General Counsel,female,87537448.0
30978.0,,801337,webster financial corp,0,1,0,0,20110429,mhatre nitin j.,80133711000117,EVP-Consumer Lending,male,87537448.0
53855.0,,801337,webster financial corp,0,1,0,0,20110429,brown jeffrey n,80133711000114,Chief Administrative Officer,male,87537448.0
35314.0,,801337,webster financial corp,1,0,0,0,20110506,crawford john joseph,80133711000132,,male,87537448.0
33079.0,,801337,webster financial corp,1,0,0,0,20110510,crawford john joseph,80133711000134,,male,87537448.0
49004.0,,801337,webster financial corp,0,1,0,0,20110510,savage joseph j,80133711000135,EVP - Commercial Banking,male,87537448.0
,392926.0,801337,webster financial corp,1,1,0,0,20110516,smith james copenhaver,80133711000137,Chairman & Chief Executive Off,male,87537448.0
270975.0,392926.0,801337,webster financial corp,1,1,0,0,20110519,smith james copenhaver,80133711000139,Chairman & Chief Executive Off,male,87537448.0
3651.0,,801337,webster financial corp,0,1,0,0,20110601,macinnes glenn i,80133711000144,EVP-Chief Financial Officer,male,87537448.0
5715.0,,801337,webster financial corp,0,1,0,0,20110617,madar gregory,80133711000146,Chief Accounting Officer,male,87537448.0
18651.0,,801337,webster financial corp,0,1,0,0,20110801,macinnes glenn i,80133711000148,EVP-Chief Financial Officer,male,87529807.0
5462.0,,801337,webster financial corp,0,1,0,0,20110809,madar gregory,80133711000150,Chief Accounting Officer,male,87529807.0
26151.0,,801337,webster financial corp,0,1,0,0,20110812,macinnes glenn i,80133711000151,EVP-Chief Financial Officer,male,87529807.0
,419227.0,801337,webster financial corp,1,1,0,0,20110817,smith james copenhaver,80133711000152,Chairman & Chief Executive Off,male,87529807.0
25661.0,,801337,webster financial corp,0,1,0,0,20110927,crecca michelle m,80133711000155,EVP-Marketing,female,87529807.0
30318.0,,801337,webster financial corp,0,1,0,0,20111007,mhatre nitin j.,80133711000157,EVP-Consumer Lending,male,87529807.0
,419227.0,801337,webster financial corp,1,1,0,0,20111116,smith james copenhaver,80133711000161,Chairman & Chief Executive Off,male,87503485.0
234944.0,419227.0,801337,webster financial corp,1,1,0,0,20111118,smith james copenhaver,80133711000163,Chairman & Chief Executive Off,male,87503485.0
28565.0,,801337,webster financial corp,0,1,0,0,20111219,mhatre nitin j.,80133711000165,EVP-Consumer Lending,male,87503485.0
,390924.0,801337,webster financial corp,1,1,0,0,20120103,smith james copenhaver,80133712000002,Chairman & Chief Executive Off,male,87503485.0
332273.0,390924.0,801337,webster financial corp,1,1,0,0,20120125,smith james copenhaver,80133712000004,Chairman & Chief Executive Off,male,87503485.0
124970.0,1354.0,801337,webster financial corp,1,1,0,0,20120125,plush gerald p,80133712000005,President & COO,male,87503485.0
61030.0,,801337,webster financial corp,0,1,0,0,20120125,savage joseph j,80133712000006,EVP - Commercial Banking,male,87503485.0
50641.0,,801337,webster financial corp,0,1,0,0,20120125,brown jeffrey n,80133712000007,Chief Administrative Officer,male,87503485.0
29775.0,,801337,webster financial corp,0,1,0,0,20120125,crecca michelle m,80133712000008,EVP-Marketing,female,87503485.0
38687.0,,801337,webster financial corp,0,1,0,0,20120125,wolfe harriet munrett,80133712000009,EVP - General Counsel,female,87503485.0
50391.0,,801337,webster financial corp,0,1,0,0,20120201,brown jeffrey n,80133712000011,Chief Administrative Officer,male,87532036.0
30094.0,,801337,webster financial corp,1,0,0,0,20120201,crawford john joseph,80133712000012,,male,87532036.0
324904.0,394874.0,801337,webster financial corp,1,1,0,0,20120216,smith james copenhaver,80133712000027,Chairman & Chief Executive Off,male,87532036.0
,,801337,webster financial corp,0,1,0,0,20120224,mhatre nitin j.,80133712000037,EVP-Consumer Lending,male,87532036.0
,,801337,webster financial corp,0,1,0,0,20120224,wolfe harriet munrett,80133712000036,EVP - General Counsel,female,87532036.0
,,801337,webster financial corp,0,1,0,0,20120224,crecca michelle m,80133712000035,EVP-Marketing,female,87532036.0
7792.0,,801337,webster financial corp,0,1,0,0,20120224,madar gregory,80133712000039,Chief Accounting Officer,male,87532036.0
,,801337,webster financial corp,0,1,0,0,20120224,brown jeffrey n,80133712000033,"EVP - HR, Marketing & Comm",male,87532036.0
,,801337,webster financial corp,0,1,0,0,20120224,slattery anne m,80133712000034,EVP-Retail Banking,female,87532036.0
,394874.0,801337,webster financial corp,1,1,0,0,20120224,smith james copenhaver,80133712000029,Chairman & Chief Executive Off,male,87532036.0
,,801337,webster financial corp,0,1,0,0,20120224,bley daniel,80133712000038,EVP-Chief Risk Officer,male,87532036.0
,,801337,webster financial corp,0,1,0,0,20120224,macinnes glenn i,80133712000031,EVP-Chief Financial Officer,male,87532036.0
,1354.0,801337,webster financial corp,0,1,0,0,20120224,plush gerald p,80133712000030,President & COO,male,87532036.0
,,801337,webster financial corp,0,1,0,0,20120224,savage joseph j,80133712000032,EVP - Commercial Banking,male,87532036.0
,394874.0,801337,webster financial corp,1,1,0,0,20120309,smith james copenhaver,80133712000043,Chairman & Chief Executive Off,male,87532036.0
30924.0,,801337,webster financial corp,0,1,0,0,20120426,mhatre nitin j.,80133712000050,EVP-Consumer Lending,male,87532036.0
11987.0,,801337,webster financial corp,1,0,0,0,20120427,coulter david a,80133712000062,,male,87868904.0
12342.0,,801337,webster financial corp,1,0,0,0,20120427,pettie mark,80133712000059,,male,87868904.0
13087.0,,801337,webster financial corp,1,0,0,0,20120427,shivery charles w,80133712000060,,male,87868904.0
35255.0,,801337,webster financial corp,1,0,0,0,20120427,jacobi c michael,80133712000056,,male,87868904.0
29173.0,,801337,webster financial corp,1,0,0,0,20120427,finkenzeller robert a,80133712000055,,male,87868904.0
32879.0,,801337,webster financial corp,1,0,0,0,20120427,crawford john joseph,80133712000054,,male,87868904.0
39825.0,,801337,webster financial corp,1,0,0,0,20120427,becker joel s,80133712000052,,male,87868904.0
15124.0,,801337,webster financial corp,1,0,0,0,20120427,morse laurence c,80133712000057,,female,87868904.0
14817.0,,801337,webster financial corp,1,0,0,0,20120427,osar karen r,80133712000058,,female,87868904.0
56055.0,,801337,webster financial corp,0,1,0,0,20120511,savage joseph j,80133712000064,EVP - Commercial Banking,male,87868904.0
328097.0,386681.0,801337,webster financial corp,1,1,0,0,20120516,smith james copenhaver,80133712000066,Chairman & Chief Executive Off,male,87868904.0
25324.0,,801337,webster financial corp,0,1,0,0,20120802,mhatre nitin j.,80133712000068,EVP-Consumer Lending,male,87884976.0
32425.0,,801337,webster financial corp,1,0,0,0,20120802,becker joel s,80133712000070,,male,87884976.0
13969.0,,801337,webster financial corp,0,1,0,0,20120806,bley daniel,80133712000072,EVP-Chief Risk Officer,male,87884976.0
,386681.0,801337,webster financial corp,1,1,0,0,20120816,smith james copenhaver,80133712000074,Chairman & Chief Executive Off,male,87884976.0
320597.0,386681.0,801337,webster financial corp,1,1,0,0,20120823,smith james copenhaver,80133712000076,Chairman & Chief Executive Off,male,87884976.0
40806.0,,801337,webster financial corp,0,1,0,0,20120905,brown jeffrey n,80133712000078,"EVP - HR, Marketing & Comm",male,87884976.0
4181.0,,801337,webster financial corp,0,1,0,0,20121010,buchholz jennifer,80133712000084,EVP - Human Resources,female,87884976.0
31151.0,,801337,webster financial corp,0,1,0,0,20121023,macinnes glenn i,80133712000089,EVP-Chief Financial Officer,male,87884976.0
9290.0,,801337,webster financial corp,0,1,0,0,20121024,fitzpatrick daniel manning,80133712000091,EVP - Private Banking,male,87884976.0
326406.0,373372.0,801337,webster financial corp,1,1,0,0,20121116,smith james copenhaver,80133712000101,Chairman & Chief Executive Off,male,87922522.0
,,801337,webster financial corp,1,0,0,0,20121214,coulter david a,114036112051327,,male,87922522.0
25765.0,,801337,webster financial corp,0,1,0,0,20121226,slattery anne m,80133712000103,EVP-Retail Banking,female,87922522.0
21367.0,,801337,webster financial corp,0,1,0,0,20121226,mhatre nitin j.,80133712000104,EVP-Consumer Lending,male,87922522.0
34726.0,,801337,webster financial corp,0,1,0,0,20121226,wolfe harriet munrett,80133712000105,EVP - General Counsel,female,87922522.0
25806.0,,801337,webster financial corp,0,1,0,0,20121226,crecca michelle m,80133712000106,EVP-Marketing,female,87922522.0
50428.0,,801337,webster financial corp,0,1,0,0,20121226,savage joseph j,80133712000107,EVP - Commercial Banking,male,87922522.0
112569.0,1354.0,801337,webster financial corp,0,1,0,0,20121226,plush gerald p,80133712000108,President & COO,male,87922522.0
323792.0,373372.0,801337,webster financial corp,1,1,0,0,20121226,smith james copenhaver,80133712000110,Chairman & Chief Executive Off,male,87922522.0
,373372.0,801337,webster financial corp,1,1,0,0,20130103,smith james copenhaver,80133713000003,Chairman & Chief Executive Off,male,87922522.0
23643.0,,801337,webster financial corp,0,1,0,0,20130103,slattery anne m,80133713000004,EVP-Retail Banking,female,87922522.0
4610.0,,801337,webster financial corp,0,1,0,0,20130124,eccles colin d,80133713000012,EVP- Chief Information Officer,male,87922522.0
,377470.0,801337,webster financial corp,1,1,0,0,20130219,smith james copenhaver,80133713000028,Chairman & Chief Executive Off,male,85340995.0
,,801337,webster financial corp,0,1,0,0,20130222,macinnes glenn i,80133713000038,EVP-Chief Financial Officer,male,85340995.0
312161.0,377470.0,801337,webster financial corp,1,1,0,0,20130222,smith james copenhaver,80133713000040,Chairman & Chief Executive Off,male,85340995.0
,1354.0,801337,webster financial corp,0,1,0,0,20130222,plush gerald p,80133713000039,President & COO,male,85340995.0
,,801337,webster financial corp,0,1,0,0,20130222,savage joseph j,80133713000037,EVP - Commercial Banking,male,85340995.0
,,801337,webster financial corp,0,1,0,0,20130222,fitzpatrick daniel manning,80133713000033,EVP - Private Banking,male,85340995.0
,,801337,webster financial corp,0,1,0,0,20130222,buchholz jennifer,80133713000035,EVP - Human Resources,female,85340995.0
,,801337,webster financial corp,0,1,0,0,20130222,crecca michelle m,80133713000034,EVP-Marketing,female,85340995.0
,,801337,webster financial corp,0,1,0,0,20130222,mhatre nitin j.,80133713000032,EVP-Consumer Lending,male,85340995.0
,,801337,webster financial corp,0,1,0,0,20130222,wolfe harriet munrett,80133713000031,EVP - General Counsel,female,85340995.0
,,801337,webster financial corp,0,1,0,0,20130222,madar gregory,80133713000030,Chief Accounting Officer,male,85340995.0
,,801337,webster financial corp,0,1,0,0,20130222,bley daniel,80133713000036,EVP-Chief Risk Officer,male,85340995.0
,377470.0,801337,webster financial corp,1,1,0,0,20130312,smith james copenhaver,80133713000047,Chairman & Chief Executive Off,male,85340995.0
8744850.0,,801337,webster financial corp,1,0,0,0,20130325,coulter david a,114036113013927,,male,85340995.0
23689.0,,801337,webster financial corp,0,1,0,0,20130424,crecca michelle m,80133713000052,EVP-Marketing,female,85340995.0
45928.0,,801337,webster financial corp,0,1,0,0,20130425,savage joseph j,80133713000056,EVP - Commercial Banking,male,85340995.0
15718.0,,801337,webster financial corp,1,0,0,0,20130426,shivery charles w,80133713000068,,male,85340995.0
14973.0,,801337,webster financial corp,1,0,0,0,20130426,pettie mark,80133713000067,,male,85340995.0
31804.0,,801337,webster financial corp,1,0,0,0,20130426,finkenzeller robert a,80133713000063,,male,85340995.0
17776.0,,801337,webster financial corp,1,0,0,0,20130426,morse laurence c,80133713000065,,female,85340995.0
39159.0,,801337,webster financial corp,1,0,0,0,20130426,becker joel s,80133713000060,,male,85340995.0
35510.0,,801337,webster financial corp,1,0,0,0,20130426,crawford john joseph,80133713000062,,male,85340995.0
17448.0,,801337,webster financial corp,1,0,0,0,20130426,osar karen r,80133713000066,,female,85340995.0
14618.0,,801337,webster financial corp,1,0,0,0,20130426,coulter david a,80133713000061,,male,85340995.0
37886.0,,801337,webster financial corp,1,0,0,0,20130426,jacobi c michael,80133713000064,,male,85340995.0
32799.0,,801337,webster financial corp,1,0,0,0,20130430,crawford john joseph,80133713000070,,male,90256724.0
29804.0,,801337,webster financial corp,1,0,0,0,20130501,finkenzeller robert a,80133713000072,,male,90256724.0
30887.0,,801337,webster financial corp,1,0,0,0,20130502,crawford john joseph,80133713000073,,male,90256724.0
13367.0,,801337,webster financial corp,0,1,0,0,20130503,mhatre nitin j.,80133713000075,EVP-Consumer Lending,male,90256724.0
,,801337,webster financial corp,1,0,0,0,20130514,coulter david a,114036113020721,,male,90256724.0
304661.0,377470.0,801337,webster financial corp,1,1,0,0,20130516,smith james copenhaver,80133713000080,Chairman & Chief Executive Off,male,90256724.0
5247.0,,801337,webster financial corp,0,1,0,0,20130618,madar gregory,80133713000084,Chief Accounting Officer,male,90256724.0
28887.0,,801337,webster financial corp,1,0,0,0,20130722,crawford john joseph,80133713000091,,male,90256724.0
21214.0,,801337,webster financial corp,0,1,0,0,20130723,crecca michelle m,80133713000093,EVP-Marketing,female,90256724.0
43928.0,,801337,webster financial corp,0,1,0,0,20130725,savage joseph j,80133713000097,EVP - Commercial Banking,male,90256724.0
22877.0,,801337,webster financial corp,1,0,0,0,20130725,jacobi c michael,80133713000098,,male,90256724.0
27804.0,,801337,webster financial corp,1,0,0,0,20130725,finkenzeller robert a,80133713000099,,male,90256724.0
304875.0,369756.0,801337,webster financial corp,1,1,0,0,20130816,smith james copenhaver,80133713000104,Chairman & Chief Executive Off,male,90274593.0
72469.0,1354.0,801337,webster financial corp,0,1,0,0,20131002,plush gerald p,80133713000110,President & COO,male,90274593.0
25804.0,,801337,webster financial corp,1,0,0,0,20131029,finkenzeller robert a,80133713000114,,male,90274593.0
,369756.0,801337,webster financial corp,1,1,0,0,20140102,smith james copenhaver,80133714000002,Chairman & Chief Executive Off,male,90343433.0
1638.0,,801337,webster financial corp,0,1,0,0,20140107,wilkins charles l,80133714000006,EVP-Head of HSA Bank,male,90343433.0
4747.0,,801337,webster financial corp,0,1,0,0,20140124,madar gregory,80133714000010,Chief Accounting Officer,male,90343433.0
23804.0,,801337,webster financial corp,1,0,0,0,20140203,finkenzeller robert a,80133714000012,,male,90368684.0
24887.0,,801337,webster financial corp,1,0,0,0,20140206,crawford john joseph,80133714000014,,male,90368684.0
,374489.0,801337,webster financial corp,1,1,0,0,20140218,smith james copenhaver,80133714000026,Chairman & Chief Executive Off,male,90368684.0
300542.0,374489.0,801337,webster financial corp,1,1,0,0,20140221,smith james copenhaver,80133714000036,Chairman & Chief Executive Off,male,90368684.0
34513.0,,801337,webster financial corp,0,1,0,0,20140221,macinnes glenn i,80133714000035,EVP-Chief Financial Officer,male,90368684.0
16075.0,,801337,webster financial corp,0,1,0,0,20140221,bley daniel,80133714000028,EVP-Chief Risk Officer,male,90368684.0
15605.0,,801337,webster financial corp,0,1,0,0,20140221,mhatre nitin j.,80133714000033,EVP-Community Banking,male,90368684.0
10971.0,,801337,webster financial corp,0,1,0,0,20140221,fitzpatrick daniel manning,80133714000032,EVP - Private Banking,male,90368684.0
6434.0,,801337,webster financial corp,0,1,0,0,20140221,eccles colin d,80133714000027,EVP- Chief Information Officer,male,90368684.0
5503.0,,801337,webster financial corp,0,1,0,0,20140221,madar gregory,80133714000029,Chief Accounting Officer,male,90368684.0
36548.0,,801337,webster financial corp,0,1,0,0,20140221,wolfe harriet munrett,80133714000030,EVP - General Counsel,female,90368684.0
17407.0,,801337,webster financial corp,0,1,0,0,20140221,ciulla john r,80133714000031,EVP-Commercial Banking,male,90368684.0
47290.0,,801337,webster financial corp,0,1,0,0,20140221,savage joseph j,80133714000034,President,male,90368684.0
34153.0,,801337,webster financial corp,0,1,0,0,20140225,wolfe harriet munrett,80133714000046,EVP - General Counsel,female,90368684.0
14278.0,,801337,webster financial corp,0,1,0,0,20140225,mhatre nitin j.,80133714000044,EVP-Community Banking,male,90368684.0
4955.0,,801337,webster financial corp,0,1,0,0,20140225,madar gregory,80133714000043,Chief Accounting Officer,male,90368684.0
14646.0,,801337,webster financial corp,0,1,0,0,20140225,ciulla john r,80133714000042,EVP-Commercial Banking,male,90368684.0
13544.0,,801337,webster financial corp,0,1,0,0,20140225,bley daniel,80133714000041,EVP-Chief Risk Officer,male,90368684.0
3145.0,,801337,webster financial corp,0,1,0,0,20140225,wilkins charles l,80133714000040,EVP-Head of HSA Bank,male,90368684.0
43745.0,,801337,webster financial corp,0,1,0,0,20140225,savage joseph j,80133714000045,President,male,90368684.0
,374489.0,801337,webster financial corp,1,1,0,0,20140307,smith james copenhaver,80133714000050,Chairman & Chief Executive Off,male,90368684.0
1207.0,,801337,webster financial corp,0,1,0,0,20140312,morris dawn c,80133714000054,EVP-Chief Marketing Officer,female,90368684.0
26843.0,,801337,webster financial corp,1,0,0,0,20140425,crawford john joseph,80133714000071,,male,90368684.0
41251.0,,801337,webster financial corp,1,0,0,0,20140425,becker joel s,80133714000065,,male,90368684.0
24833.0,,801337,webster financial corp,1,0,0,0,20140425,jacobi c michael,80133714000069,,male,90368684.0
19760.0,,801337,webster financial corp,1,0,0,0,20140425,morse laurence c,80133714000068,,female,90368684.0
17674.0,,801337,webster financial corp,1,0,0,0,20140425,shivery charles w,80133714000064,,male,90368684.0
16929.0,,801337,webster financial corp,1,0,0,0,20140425,pettie mark,80133714000066,,male,90368684.0
19404.0,,801337,webster financial corp,1,0,0,0,20140425,osar karen r,80133714000067,,female,90368684.0
25760.0,,801337,webster financial corp,1,0,0,0,20140425,finkenzeller robert a,80133714000070,,male,90368684.0
1466.0,,801337,webster financial corp,0,1,0,0,20140429,garrigues bernard m,80133714000074,EVP-Chief Human Resources Off,male,90368684.0
24984.0,,801337,webster financial corp,1,0,0,0,20140502,crawford john joseph,80133714000075,,male,90316763.0
24002.0,,801337,webster financial corp,1,0,0,0,20140505,crawford john joseph,80133714000076,,male,90316763.0
293042.0,374489.0,801337,webster financial corp,1,1,0,0,20140515,smith james copenhaver,80133714000080,Chairman & Chief Executive Off,male,90316763.0
33269.0,,801337,webster financial corp,0,1,0,0,20140603,macinnes glenn i,80133714000082,EVP-Chief Financial Officer,male,90316763.0
8512.0,,801337,webster financial corp,1,0,0,0,20140729,atwell william l,80133714000093,,male,90316763.0
289057.0,371028.0,801337,webster financial corp,1,1,0,0,20140820,smith james copenhaver,80133714000097,Chairman & Chief Executive Off,male,90265020.0
2905.0,,801337,webster financial corp,1,0,0,0,20140924,flynn elizabeth e,80133714000105,,female,90265020.0
21002.0,,801337,webster financial corp,1,0,0,0,20141106,crawford john joseph,80133714000115,,male,90245947.0
23760.0,,801337,webster financial corp,1,0,0,0,20141113,finkenzeller robert a,80133714000119,,male,90245947.0
34769.0,,801337,webster financial corp,0,1,0,0,20141118,macinnes glenn i,80133714000121,EVP-Chief Financial Officer,male,90245947.0
281557.0,371028.0,801337,webster financial corp,1,1,0,0,20141120,smith james copenhaver,80133714000123,Chairman & Chief Executive Off,male,90245947.0
279836.0,371028.0,801337,webster financial corp,1,1,0,0,20141210,smith james copenhaver,80133714000128,Chairman & Chief Executive Off,male,90245947.0
13145.0,,801337,webster financial corp,0,1,0,0,20150105,wilkins charles l,80133715000004,EVP-Head of HSA Bank,male,90381535.0
,371028.0,801337,webster financial corp,1,1,0,0,20150105,smith james copenhaver,80133715000002,Chairman & Chief Executive Off,male,90381535.0
270412.0,375795.0,801337,webster financial corp,1,1,0,0,20150219,smith james copenhaver,80133715000019,Chairman & Chief Executive Off,male,90523288.0
43304.0,,801337,webster financial corp,0,1,0,0,20150220,savage joseph j,80133715000029,President,male,90523288.0
33914.0,,801337,webster financial corp,0,1,0,0,20150220,wolfe harriet munrett,80133715000028,EVP - General Counsel,female,90523288.0
13267.0,,801337,webster financial corp,0,1,0,0,20150220,bley daniel,80133715000020,EVP-Chief Risk Officer,male,90523288.0
4855.0,,801337,webster financial corp,0,1,0,0,20150220,madar gregory,80133715000026,Chief Accounting Officer,male,90523288.0
6194.0,,801337,webster financial corp,0,1,0,0,20150220,eccles colin d,80133715000025,EVP- Chief Information Officer,male,90523288.0
34328.0,,801337,webster financial corp,0,1,0,0,20150220,macinnes glenn i,80133715000024,EVP-Chief Financial Officer,male,90523288.0
14336.0,,801337,webster financial corp,0,1,0,0,20150220,ciulla john r,80133715000023,EVP-Commercial Banking,male,90523288.0
10750.0,,801337,webster financial corp,0,1,0,0,20150220,fitzpatrick daniel manning,80133715000022,EVP - Private Banking,male,90523288.0
13984.0,,801337,webster financial corp,0,1,0,0,20150220,mhatre nitin j.,80133715000027,EVP-Community Banking,male,90523288.0
12942.0,,801337,webster financial corp,0,1,0,0,20150225,wilkins charles l,80133715000030,EVP-Head of HSA Bank,male,90523288.0
2375.0,,801337,webster financial corp,0,1,0,0,20150227,morris dawn c,80133715000044,EVP-Chief Marketing Officer,female,90523288.0
12238.0,,801337,webster financial corp,0,1,0,0,20150227,fitzpatrick daniel manning,80133715000047,EVP - Private Banking,male,90523288.0
52722.0,,801337,webster financial corp,0,1,0,0,20150227,savage joseph j,80133715000046,President,male,90523288.0
39523.0,,801337,webster financial corp,0,1,0,0,20150227,wolfe harriet munrett,80133715000045,EVP - General Counsel,female,90523288.0
19390.0,,801337,webster financial corp,0,1,0,0,20150227,bley daniel,80133715000043,EVP-Chief Risk Officer,male,90523288.0
7842.0,,801337,webster financial corp,0,1,0,0,20150227,eccles colin d,80133715000041,EVP- Chief Information Officer,male,90523288.0
7331.0,,801337,webster financial corp,0,1,0,0,20150227,madar gregory,80133715000040,Chief Accounting Officer,male,90523288.0
20359.0,,801337,webster financial corp,0,1,0,0,20150227,mhatre nitin j.,80133715000039,EVP-Community Banking,male,90523288.0
20818.0,,801337,webster financial corp,0,1,0,0,20150227,ciulla john r,80133715000038,EVP-Commercial Banking,male,90523288.0
312802.0,375795.0,801337,webster financial corp,1,1,0,0,20150227,smith james copenhaver,80133715000034,Chairman & Chief Executive Off,male,90523288.0
2850.0,,801337,webster financial corp,0,1,0,0,20150227,garrigues bernard m,80133715000036,EVP-Chief Human Resources Off,male,90523288.0
44575.0,,801337,webster financial corp,0,1,0,0,20150227,macinnes glenn i,80133715000037,EVP-Chief Financial Officer,male,90523288.0
14710.0,,801337,webster financial corp,0,1,0,0,20150227,wilkins charles l,80133715000042,EVP-Head of HSA Bank,male,90523288.0
2238.0,,801337,webster financial corp,0,1,0,0,20150312,morris dawn c,80133715000053,EVP-Chief Marketing Officer,female,90523288.0
32818.0,,801337,webster financial corp,0,1,0,0,20150323,ciulla john r,80133715000055,EVP-Commercial Banking,male,90523288.0
20125.0,,801337,webster financial corp,1,0,0,0,20150422,crawford john joseph,80133715000059,,male,90523288.0
19340.0,,801337,webster financial corp,1,0,0,0,20150424,shivery charles w,80133715000070,,male,90523288.0
18595.0,,801337,webster financial corp,1,0,0,0,20150424,pettie mark,80133715000069,,male,90523288.0
10178.0,,801337,webster financial corp,1,0,0,0,20150424,atwell william l,80133715000061,,male,90523288.0
21459.0,,801337,webster financial corp,1,0,0,0,20150424,morse laurence c,80133715000067,,female,90523288.0
26499.0,,801337,webster financial corp,1,0,0,0,20150424,jacobi c michael,80133715000066,,male,90523288.0
4571.0,,801337,webster financial corp,1,0,0,0,20150424,flynn elizabeth e,80133715000065,,female,90523288.0
43036.0,,801337,webster financial corp,1,0,0,0,20150424,becker joel s,80133715000062,,male,90523288.0
21791.0,,801337,webster financial corp,1,0,0,0,20150424,crawford john joseph,80133715000063,,male,90523288.0
23426.0,,801337,webster financial corp,1,0,0,0,20150424,finkenzeller robert a,80133715000064,,male,90523288.0
21070.0,,801337,webster financial corp,1,0,0,0,20150424,osar karen r,80133715000068,,female,90523288.0
19562.0,,801337,webster financial corp,0,1,0,0,20150427,mhatre nitin j.,80133715000073,EVP-Community Banking,male,90523288.0
2683.0,,801337,webster financial corp,0,1,0,0,20150429,garrigues bernard m,80133715000077,EVP-Chief Human Resources Off,male,90523288.0
6581.0,,801337,webster financial corp,0,1,0,0,20150429,madar gregory,80133715000076,Chief Accounting Officer,male,90523288.0
26318.0,,801337,webster financial corp,0,1,0,0,20150429,ciulla john r,80133715000075,EVP-Commercial Banking,male,90523288.0
18405.0,,801337,webster financial corp,1,0,0,0,20150429,crawford john joseph,80133715000074,,male,90523288.0
17474.0,,801337,webster financial corp,1,0,0,0,20150430,crawford john joseph,80133715000078,,male,90781009.0
305302.0,375795.0,801337,webster financial corp,1,1,0,0,20150521,smith james copenhaver,80133715000082,Chairman & Chief Executive Off,male,90781009.0
24834.0,,801337,webster financial corp,1,0,0,0,20150602,crawford john joseph,80133715000083,,male,90781009.0
324067.0,375795.0,801337,webster financial corp,1,1,0,0,20150616,smith james copenhaver,80133715000085,Chairman & Chief Executive Off,male,90781009.0
37722.0,,801337,webster financial corp,0,1,0,0,20150723,savage joseph j,80133715000095,President,male,90781009.0
21426.0,,801337,webster financial corp,1,0,0,0,20150730,finkenzeller robert a,80133715000097,,male,90781009.0
22605.0,,801337,webster financial corp,1,0,0,0,20150803,crawford john joseph,80133715000099,,male,91922562.0
22605.0,,801337,webster financial corp,1,0,0,0,20150803,crawford john joseph,80133715000099,,male,91922562.0
289099.0,159427.0,801337,webster financial corp,1,1,0,0,20151020,smith james copenhaver,80133715000107,Chairman & Chief Executive Off,male,91922562.0
6006.0,,801337,webster financial corp,0,1,0,0,20151023,madar gregory,80133715000109,Chief Accounting Officer,male,91922562.0
9074.0,,801337,webster financial corp,0,1,0,0,20151023,fitzpatrick daniel manning,80133715000111,EVP - Private Banking,male,91922562.0
21080.0,,801337,webster financial corp,1,0,0,0,20151027,jacobi c michael,80133715000113,,male,91922562.0
54237.0,,801337,webster financial corp,0,1,0,0,20151027,savage joseph j,80133715000115,President,male,91922562.0
9439.0,,801337,webster financial corp,0,1,0,0,20151102,savage joseph j,80133715000116,Executive Vice Chairman,male,91678361.0
,159427.0,801337,webster financial corp,1,1,0,0,20160104,smith james copenhaver,80133716000122,Chairman & Chief Executive Off,male,91561192.0
6105.0,,801337,webster financial corp,0,1,0,0,20160126,eccles colin d,80133716000126,EVP- Chief Information Officer,male,91561192.0
2948.0,,801337,webster financial corp,0,1,0,0,20160127,fitzpatrick daniel manning,80133716000128,EVP - Private Banking,male,91561192.0
11071.0,,801337,webster financial corp,1,0,0,0,20160127,flynn elizabeth e,80133716000130,,female,91561192.0
6646.0,,801337,webster financial corp,0,1,0,0,20160128,madar gregory,80133716000132,Chief Accounting Officer,male,91561192.0
6821.0,,801337,webster financial corp,0,1,0,0,20160205,madar gregory,80133716000133,Chief Accounting Officer,male,91561192.0
24220.0,,801337,webster financial corp,1,0,0,0,20160211,pettie mark,80133716000146,,male,91561192.0
44130.0,,801337,webster financial corp,0,1,0,0,20160222,macinnes glenn i,80133716000153,EVP-Chief Financial Officer,male,91424421.0
53792.0,,801337,webster financial corp,0,1,0,0,20160222,savage joseph j,80133716000156,Executive Vice Chairman,male,91424421.0
39282.0,,801337,webster financial corp,0,1,0,0,20160222,wolfe harriet munrett,80133716000157,EVP - General Counsel,female,91424421.0
2726.0,,801337,webster financial corp,0,1,0,0,20160222,fitzpatrick daniel manning,80133716000152,EVP - Private Banking,male,91424421.0
5900.0,,801337,webster financial corp,0,1,0,0,20160222,eccles colin d,80133716000151,EVP- Chief Information Officer,male,91424421.0
26008.0,,801337,webster financial corp,0,1,0,0,20160222,ciulla john r,80133716000150,President,male,91424421.0
19266.0,,801337,webster financial corp,0,1,0,0,20160222,mhatre nitin j.,80133716000155,EVP-Community Banking,male,91424421.0
19111.0,,801337,webster financial corp,0,1,0,0,20160222,bley daniel,80133716000149,EVP-Chief Risk Officer,male,91424421.0
6721.0,,801337,webster financial corp,0,1,0,0,20160222,madar gregory,80133716000154,Chief Accounting Officer,male,91424421.0
56785.0,,801337,webster financial corp,0,1,0,0,20160226,macinnes glenn i,80133716000169,EVP-Chief Financial Officer,male,91424421.0
340536.0,164203.0,801337,webster financial corp,1,1,0,0,20160226,smith james copenhaver,80133716000170,Chairman & Chief Executive Off,male,91424421.0
16096.0,,801337,webster financial corp,0,1,0,0,20160226,wilkins charles l,80133716000167,EVP-Head of HSA Bank,male,91424421.0
46405.0,,801337,webster financial corp,0,1,0,0,20160226,wolfe harriet munrett,80133716000168,EVP - General Counsel,female,91424421.0
33892.0,,801337,webster financial corp,0,1,0,0,20160226,ciulla john r,80133716000159,President,male,91424421.0
7414.0,,801337,webster financial corp,0,1,0,0,20160226,eccles colin d,80133716000160,EVP- Chief Information Officer,male,91424421.0
4084.0,,801337,webster financial corp,0,1,0,0,20160226,garrigues bernard m,80133716000162,EVP-Chief Human Resources Off,male,91424421.0
9983.0,,801337,webster financial corp,0,1,0,0,20160226,madar gregory,80133716000163,Chief Accounting Officer,male,91424421.0
37037.0,,801337,webster financial corp,0,1,0,0,20160226,mhatre nitin j.,80133716000164,EVP-Community Banking,male,91424421.0
3290.0,,801337,webster financial corp,0,1,0,0,20160226,morris dawn c,80133716000165,EVP-Chief Marketing Officer,female,91424421.0
65225.0,,801337,webster financial corp,0,1,0,0,20160226,savage joseph j,80133716000166,Executive Vice Chairman,male,91424421.0
36135.0,,801337,webster financial corp,0,1,0,0,20160226,bley daniel,80133716000158,EVP-Chief Risk Officer,male,91424421.0
9091.0,,801337,webster financial corp,0,1,0,0,20160226,fitzpatrick daniel manning,80133716000161,EVP - Private Banking,male,91424421.0
10983.0,,801337,webster financial corp,0,1,0,0,20160308,madar gregory,80133716000176,Chief Accounting Officer,male,91424421.0
3151.0,,801337,webster financial corp,0,1,0,0,20160311,morris dawn c,80133716000177,EVP-Chief Marketing Officer,female,91424421.0
,,801337,webster financial corp,1,0,0,0,20160412,crawford john joseph,80133716000178,,male,91424421.0
2389.0,,801337,webster financial corp,0,1,0,0,20160422,morris dawn c,80133716000181,EVP-Chief Marketing Officer,female,91424421.0
37265.0,,801337,webster financial corp,0,1,0,0,20160425,bley daniel,80133716000183,EVP-Chief Risk Officer,male,91424421.0
11140.0,,801337,webster financial corp,0,1,0,0,20160428,madar gregory,80133716000184,Chief Accounting Officer,male,91424421.0
11888.0,,801337,webster financial corp,1,0,0,0,20160429,atwell william l,80133716000187,,male,91661145.0
44746.0,,801337,webster financial corp,1,0,0,0,20160429,becker joel s,80133716000188,,male,91661145.0
24705.0,,801337,webster financial corp,1,0,0,0,20160429,crawford john joseph,80133716000189,,male,91661145.0
22790.0,,801337,webster financial corp,1,0,0,0,20160429,jacobi c michael,80133716000191,,male,91661145.0
23203.0,,801337,webster financial corp,1,0,0,0,20160429,morse laurence c,80133716000192,,female,91661145.0
22780.0,,801337,webster financial corp,1,0,0,0,20160429,osar karen r,80133716000193,,female,91661145.0
25930.0,,801337,webster financial corp,1,0,0,0,20160429,pettie mark,80133716000194,,male,91661145.0
21050.0,,801337,webster financial corp,1,0,0,0,20160429,shivery charles w,80133716000197,,male,91661145.0
3916.0,,801337,webster financial corp,0,1,0,0,20160429,garrigues bernard m,80133716000196,EVP-Chief Human Resources Off,male,91661145.0
12781.0,,801337,webster financial corp,1,0,0,0,20160429,flynn elizabeth e,80133716000190,,female,91661145.0
62853.0,,801337,webster financial corp,0,1,0,0,20160502,macinnes glenn i,80133716000198,EVP-Chief Financial Officer,male,91661145.0
37783.0,,801337,webster financial corp,0,1,0,0,20160502,ciulla john r,80133716000199,President,male,91661145.0
63225.0,,801337,webster financial corp,0,1,0,0,20160503,savage joseph j,80133716000200,Executive Vice Chairman,male,91661145.0
3090.0,,801337,webster financial corp,0,1,0,0,20160505,fitzpatrick daniel manning,80133716000201,EVP - Private Banking,male,91661145.0
0.0,151160.0,801337,webster financial corp,1,1,0,0,20160512,smith james copenhaver,80133716000205,Chairman & Chief Executive Off,male,91661145.0
60225.0,,801337,webster financial corp,0,1,0,0,20160607,savage joseph j,80133716000207,Executive Vice Chairman,male,91661145.0
5000.0,,801337,webster financial corp,1,0,0,0,20160629,crawford john joseph,80133716000213,,male,91661145.0
21705.0,,801337,webster financial corp,1,0,0,0,20160729,crawford john joseph,80133716000217,,male,91674484.0
10640.0,,801337,webster financial corp,0,1,0,0,20160729,madar gregory,80133716000218,Chief Accounting Officer,male,91674484.0
37112.0,,801337,webster financial corp,0,1,0,0,20160802,bley daniel,80133716000219,EVP-Chief Risk Officer,male,91674484.0
58026.0,,801337,webster financial corp,0,1,0,0,20160802,wolfe harriet munrett,80133716000220,EVP - General Counsel,female,91674484.0
15681.0,,801337,webster financial corp,1,0,0,0,20160804,flynn elizabeth e,80133716000221,,female,91674484.0
1142.0,,801337,webster financial corp,1,0,0,0,20160920,states lauren,80133716000231,,female,91674484.0
746.0,,801337,webster financial corp,0,1,0,0,20161005,fitzpatrick daniel manning,80133716000233,EVP - Private Banking,male,91674484.0
10140.0,,801337,webster financial corp,0,1,0,0,20161027,madar gregory,80133716000240,Chief Accounting Officer,male,91674484.0
2000.0,,801337,webster financial corp,1,0,0,0,20161027,crawford john joseph,80133716000241,,male,91674484.0
36216.0,,801337,webster financial corp,0,1,0,0,20161027,bley daniel,80133716000238,EVP-Chief Risk Officer,male,91674484.0
1200.0,,801337,webster financial corp,1,0,0,0,20161028,crawford john joseph,80133716000243,,male,91674484.0
44686.0,,801337,webster financial corp,0,1,0,0,20161028,ciulla john r,80133716000242,President,male,91674484.0
20505.0,,801337,webster financial corp,1,0,0,0,20161031,crawford john joseph,80133716000245,,male,91726376.0
18418.0,,801337,webster financial corp,1,0,0,0,20161031,jacobi c michael,80133716000244,,male,91726376.0
15888.0,,801337,webster financial corp,1,0,0,0,20161101,atwell william l,80133716000247,,male,91726376.0
62667.0,,801337,webster financial corp,0,1,0,0,20161101,savage joseph j,80133716000246,Executive Vice Chairman,male,91726376.0
359727.0,151160.0,801337,webster financial corp,1,1,0,0,20161102,smith james copenhaver,80133716000248,Chairman & Chief Executive Off,male,91726376.0
22780.0,,801337,webster financial corp,1,0,0,0,20161102,osar karen r,80133716000249,,female,91726376.0
8488.0,,801337,webster financial corp,0,1,0,0,20161107,savage joseph j,80133716000250,Executive Vice Chairman,male,91726376.0
363125.0,151160.0,801337,webster financial corp,1,1,0,0,20161212,smith james copenhaver,80133716000255,Chairman & Chief Executive Off,male,91726376.0
63405.0,,801337,webster financial corp,0,1,0,0,20161212,savage joseph j,80133716000254,Executive Vice Chairman,male,91726376.0
58493.0,,801337,webster financial corp,0,1,0,0,20161212,wolfe harriet munrett,80133716000253,EVP - General Counsel,female,91726376.0
15435.0,,801337,webster financial corp,0,1,0,0,20170104,wilkins charles l,80133717000002,EVP-Head of HSA Bank,male,91752099.0
,151160.0,801337,webster financial corp,1,1,0,0,20170104,smith james copenhaver,80133717000001,Chairman & Chief Executive Off,male,91752099.0
14597.0,,801337,webster financial corp,0,1,0,0,20170113,motl christopher j,80133717000005,EVP-Commercial Banking,male,91752099.0
32879.0,,801337,webster financial corp,0,1,0,0,20170124,bley daniel,80133717000009,EVP-Chief Risk Officer,male,91752099.0
10640.0,,801337,webster financial corp,0,1,0,0,20170124,madar gregory,80133717000010,Chief Accounting Officer,male,91752099.0
41136.0,,801337,webster financial corp,0,1,0,0,20170126,ciulla john r,80133717000012,President,male,91752099.0
15505.0,,801337,webster financial corp,1,0,0,0,20170126,crawford john joseph,80133717000013,,male,91752099.0
23089.0,,801337,webster financial corp,1,0,0,0,20170126,pettie mark,80133717000014,,male,91752099.0
18418.0,,801337,webster financial corp,1,0,0,0,20170127,jacobi c michael,80133717000015,,male,91752099.0
21177.0,,801337,webster financial corp,1,0,0,0,20170127,pettie mark,80133717000016,,male,91752099.0
653.0,,801337,webster financial corp,0,1,0,0,20170127,savage joseph j,80133717000017,Executive Vice Chairman,male,91752099.0
262841.0,151160.0,801337,webster financial corp,1,1,0,0,20170127,smith james copenhaver,80133717000018,Chairman & Chief Executive Off,male,91752099.0
22780.0,,801337,webster financial corp,1,0,0,0,20170131,osar karen r,80133717000020,,female,91752099.0
10000.0,,801337,webster financial corp,0,1,0,0,20170201,madar gregory,80133717000021,Chief Accounting Officer,male,91752099.0
10505.0,,801337,webster financial corp,1,0,0,0,20170203,crawford john joseph,80133717000023,,male,91752099.0
45486.0,,801337,webster financial corp,1,0,0,0,20170206,becker joel s,80133717000024,,male,91752099.0
58251.0,,801337,webster financial corp,0,1,0,0,20170222,wolfe harriet munrett,80133717000039,EVP - General Counsel,female,91752099.0
14430.0,,801337,webster financial corp,0,1,0,0,20170222,motl christopher j,80133717000037,EVP-Commercial Banking,male,91752099.0
7172.0,,801337,webster financial corp,0,1,0,0,20170222,eccles colin d,80133717000036,EVP- Chief Information Officer,male,91752099.0
63026.0,,801337,webster financial corp,0,1,0,0,20170222,savage joseph j,80133717000040,Executive Vice Chairman,male,91752099.0
36741.0,,801337,webster financial corp,0,1,0,0,20170222,mhatre nitin j.,80133717000034,EVP-Community Banking,male,91752099.0
62416.0,,801337,webster financial corp,0,1,0,0,20170222,macinnes glenn i,80133717000041,EVP-Chief Financial Officer,male,91752099.0
9905.0,,801337,webster financial corp,0,1,0,0,20170222,madar gregory,80133717000038,Chief Accounting Officer,male,91752099.0
40868.0,8404.0,801337,webster financial corp,0,1,0,0,20170222,ciulla john r,80133717000042,President,male,91752099.0
32637.0,,801337,webster financial corp,0,1,0,0,20170222,bley daniel,80133717000035,EVP-Chief Risk Officer,male,91752099.0
6061.0,,801337,webster financial corp,0,1,0,0,20170224,morris dawn c,80133717000048,EVP-Chief Marketing Officer,female,91752099.0
71206.0,,801337,webster financial corp,0,1,0,0,20170224,savage joseph j,80133717000050,Executive Vice Chairman,male,91752099.0
18504.0,,801337,webster financial corp,0,1,0,0,20170224,motl christopher j,80133717000049,EVP-Commercial Banking,male,91752099.0
49055.0,8404.0,801337,webster financial corp,0,1,0,0,20170224,ciulla john r,80133717000053,President,male,91752099.0
43642.0,,801337,webster financial corp,0,1,0,0,20170224,mhatre nitin j.,80133717000047,EVP-Community Banking,male,91752099.0
83021.0,,801337,webster financial corp,0,1,0,0,20170224,macinnes glenn i,80133717000046,EVP-Chief Financial Officer,male,91752099.0
8457.0,,801337,webster financial corp,0,1,0,0,20170224,garrigues bernard m,80133717000045,EVP-Chief Human Resources Off,male,91752099.0
12618.0,,801337,webster financial corp,0,1,0,0,20170224,eccles colin d,80133717000044,EVP- Chief Information Officer,male,91752099.0
39113.0,,801337,webster financial corp,0,1,0,0,20170224,bley daniel,80133717000043,EVP-Chief Risk Officer,male,91752099.0
298082.0,156174.0,801337,webster financial corp,1,1,0,0,20170224,smith james copenhaver,80133717000054,Chairman & Chief Executive Off,male,91752099.0
12309.0,,801337,webster financial corp,0,1,0,0,20170224,madar gregory,80133717000055,Chief Accounting Officer,male,91752099.0
20470.0,,801337,webster financial corp,0,1,0,0,20170224,wilkins charles l,80133717000051,EVP-Head of HSA Bank,male,91752099.0
63745.0,,801337,webster financial corp,0,1,0,0,20170224,wolfe harriet munrett,80133717000052,EVP - General Counsel,female,91752099.0
38657.0,,801337,webster financial corp,0,1,0,0,20170228,bley daniel,80133717000056,EVP-Chief Risk Officer,male,91752099.0
12234.0,,801337,webster financial corp,0,1,0,0,20170228,eccles colin d,80133717000057,EVP- Chief Information Officer,male,91752099.0
8117.0,,801337,webster financial corp,0,1,0,0,20170228,garrigues bernard m,80133717000058,EVP-Chief Human Resources Off,male,91752099.0
82285.0,,801337,webster financial corp,0,1,0,0,20170228,macinnes glenn i,80133717000059,EVP-Chief Financial Officer,male,91752099.0
12126.0,,801337,webster financial corp,0,1,0,0,20170228,madar gregory,80133717000060,Chief Accounting Officer,male,91752099.0
70470.0,,801337,webster financial corp,0,1,0,0,20170228,savage joseph j,80133717000064,Executive Vice Chairman,male,91752099.0
43120.0,,801337,webster financial corp,0,1,0,0,20170228,mhatre nitin j.,80133717000061,EVP-Community Banking,male,91752099.0
48476.0,8404.0,801337,webster financial corp,0,1,0,0,20170228,ciulla john r,80133717000067,President,male,91752099.0
63335.0,,801337,webster financial corp,0,1,0,0,20170228,wolfe harriet munrett,80133717000066,EVP - General Counsel,female,91752099.0
19872.0,,801337,webster financial corp,0,1,0,0,20170228,wilkins charles l,80133717000065,EVP-Head of HSA Bank,male,91752099.0
18208.0,,801337,webster financial corp,0,1,0,0,20170228,motl christopher j,80133717000063,EVP-Commercial Banking,male,91752099.0
5788.0,,801337,webster financial corp,0,1,0,0,20170228,morris dawn c,80133717000062,EVP-Chief Marketing Officer,female,91752099.0
5649.0,,801337,webster financial corp,0,1,0,0,20170313,morris dawn c,80133717000071,EVP-Chief Marketing Officer,female,91752099.0
308614.0,156174.0,801337,webster financial corp,1,1,0,0,20170320,smith james copenhaver,80133717000072,Chairman & Chief Executive Off,male,91752099.0
23239.0,,801337,webster financial corp,1,0,0,0,20170426,morse laurence c,80133717000078,,female,91752099.0
33657.0,,801337,webster financial corp,0,1,0,0,20170427,bley daniel,80133717000079,EVP-Chief Risk Officer,male,91752099.0
9326.0,,801337,webster financial corp,1,0,0,0,20170428,crawford john joseph,80133717000083,,male,92204805.0
16962.0,,801337,webster financial corp,1,0,0,0,20170428,flynn elizabeth e,80133717000084,,female,92204805.0
24520.0,,801337,webster financial corp,1,0,0,0,20170428,morse laurence c,80133717000085,,female,92204805.0
22331.0,,801337,webster financial corp,1,0,0,0,20170428,shivery charles w,80133717000088,,male,92204805.0
2423.0,,801337,webster financial corp,1,0,0,0,20170428,states lauren,80133717000089,,female,92204805.0
13126.0,,801337,webster financial corp,0,1,0,0,20170428,madar gregory,80133717000090,Chief Accounting Officer,male,92204805.0
17169.0,,801337,webster financial corp,1,0,0,0,20170428,atwell william l,80133717000082,,male,92204805.0
24061.0,,801337,webster financial corp,1,0,0,0,20170428,osar karen r,80133717000086,,female,92204805.0
22458.0,,801337,webster financial corp,1,0,0,0,20170428,pettie mark,80133717000087,,male,92204805.0
46767.0,,801337,webster financial corp,1,0,0,0,20170428,becker joel s,80133717000081,,male,92204805.0
7949.0,,801337,webster financial corp,0,1,0,0,20170501,garrigues bernard m,80133717000093,EVP-Chief Human Resources Off,male,92204805.0
18471.0,,801337,webster financial corp,1,0,0,0,20170503,pettie mark,80133717000094,,male,92204805.0
68631.0,,801337,webster financial corp,0,1,0,0,20170505,wolfe harriet munrett,80133717000097,EVP - General Counsel,female,92204805.0
5437.0,,801337,webster financial corp,1,0,0,0,20170505,crawford john joseph,80133717000096,,male,92204805.0
4749.0,,801337,webster financial corp,0,1,0,0,20170509,morris dawn c,80133717000102,EVP-Chief Marketing Officer,female,92204805.0
68886.0,,801337,webster financial corp,0,1,0,0,20170531,savage joseph j,80133717000103,Executive Vice Chairman,male,92204805.0
25657.0,,801337,webster financial corp,0,1,0,0,20170728,bley daniel,80133717000113,EVP-Chief Risk Officer,male,92204805.0
31164.0,,801337,webster financial corp,0,1,0,0,20170803,mhatre nitin j.,80133717000114,EVP-Community Banking,male,92075458.0
314542.0,156174.0,801337,webster financial corp,1,1,0,0,20171004,smith james copenhaver,80133717000125,Chairman & Chief Executive Off,male,92075458.0
1145.0,,801337,webster financial corp,0,1,0,0,20171011,wang albert jen-wen,80133717000126,Chief Accounting Officer,male,92075458.0
,,801337,webster financial corp,1,0,0,0,20171024,crawford john joseph,80133717000131,,male,92075458.0
5437.0,,801337,webster financial corp,1,0,0,0,20171025,crawford john joseph,80133717000132,,male,92075458.0
23960.0,,801337,webster financial corp,0,1,0,0,20171026,bley daniel,80133717000133,EVP-Chief Risk Officer,male,92075458.0
22721.0,,801337,webster financial corp,0,1,0,0,20171027,bley daniel,80133717000134,EVP-Chief Risk Officer,male,92075458.0
333732.0,156174.0,801337,webster financial corp,1,1,0,0,20171031,smith james copenhaver,80133717000135,Chairman & Chief Executive Off,male,92074790.0
24061.0,,801337,webster financial corp,1,0,0,0,20171101,osar karen r,80133717000136,,female,92074790.0
24520.0,,801337,webster financial corp,1,0,0,0,20171101,morse laurence c,80133717000137,,female,92074790.0
19696.0,,801337,webster financial corp,1,0,0,0,20171219,pettie mark,80133717000145,,male,92074790.0
,156174.0,801337,webster financial corp,1,0,0,0,20180102,smith james copenhaver,80133718000002,,male,92021765.0
16760.0,,801337,webster financial corp,0,1,0,0,20180103,wilkins charles l,80133718000003,EVP-Head of HSA Bank,male,92021765.0
19804.0,,801337,webster financial corp,0,1,0,0,20180126,bley daniel,80133718000010,EVP-Chief Risk Officer,male,92021765.0
16405.0,,801337,webster financial corp,1,0,0,0,20180202,pettie mark,80133718000011,,male,92021765.0
53219.0,,801337,webster financial corp,1,0,0,0,20180207,becker joel s,80133718000012,,male,92021765.0
,,801337,webster financial corp,1,0,0,0,20180213,crawford john joseph,80133718000020,,male,92021765.0
4650.0,,801337,webster financial corp,0,1,0,0,20180223,morris dawn c,80133718000029,EVP-Chief Marketing Officer,female,92021765.0
68497.0,,801337,webster financial corp,0,1,0,0,20180223,wolfe harriet munrett,80133718000032,EVP - General Counsel,female,92021765.0
16611.0,,801337,webster financial corp,0,1,0,0,20180223,wilkins charles l,80133718000031,EVP-Head of HSA Bank,male,92021765.0
18080.0,,801337,webster financial corp,0,1,0,0,20180223,motl christopher j,80133718000030,EVP-Commercial Banking,male,92021765.0
30984.0,,801337,webster financial corp,0,1,0,0,20180223,mhatre nitin j.,80133718000028,EVP-Community Banking,male,92021765.0
48228.0,8576.0,801337,webster financial corp,1,1,0,0,20180223,ciulla john r,80133718000033,President & CEO,male,92021765.0
7914.0,,801337,webster financial corp,0,1,0,0,20180223,garrigues bernard m,80133718000026,EVP-Chief Human Resources Off,male,92021765.0
19638.0,,801337,webster financial corp,0,1,0,0,20180223,bley daniel,80133718000024,EVP-Chief Risk Officer,male,92021765.0
81990.0,,801337,webster financial corp,0,1,0,0,20180223,macinnes glenn i,80133718000027,EVP-Chief Financial Officer,male,92021765.0
12106.0,,801337,webster financial corp,0,1,0,0,20180223,eccles colin d,80133718000025,EVP- Chief Information Officer,male,92021765.0
4359.0,,801337,webster financial corp,0,1,0,0,20180227,morris dawn c,80133718000039,EVP-Chief Marketing Officer,female,92021765.0
47702.0,8576.0,801337,webster financial corp,1,1,0,0,20180227,ciulla john r,80133718000043,President & CEO,male,92021765.0
68069.0,,801337,webster financial corp,0,1,0,0,20180227,wolfe harriet munrett,80133718000042,EVP - General Counsel,female,92021765.0
16257.0,,801337,webster financial corp,0,1,0,0,20180227,wilkins charles l,80133718000041,EVP-Head of HSA Bank,male,92021765.0
17763.0,,801337,webster financial corp,0,1,0,0,20180227,motl christopher j,80133718000040,EVP-Commercial Banking,male,92021765.0
30473.0,,801337,webster financial corp,0,1,0,0,20180227,mhatre nitin j.,80133718000038,EVP-Community Banking,male,92021765.0
7550.0,,801337,webster financial corp,0,1,0,0,20180227,garrigues bernard m,80133718000036,EVP-Chief Human Resources Off,male,92021765.0
11698.0,,801337,webster financial corp,0,1,0,0,20180227,eccles colin d,80133718000035,EVP- Chief Information Officer,male,92021765.0
19185.0,,801337,webster financial corp,0,1,0,0,20180227,bley daniel,80133718000034,EVP-Chief Risk Officer,male,92021765.0
81319.0,,801337,webster financial corp,0,1,0,0,20180227,macinnes glenn i,80133718000037,EVP-Chief Financial Officer,male,92021765.0
37955.0,,801337,webster financial corp,0,1,0,0,20180228,mhatre nitin j.,80133718000050,EVP-Community Banking,male,92021765.0
25781.0,,801337,webster financial corp,0,1,0,0,20180228,bley daniel,80133718000054,EVP-Chief Risk Officer,male,92021765.0
359193.0,160023.0,801337,webster financial corp,1,0,0,0,20180228,smith james copenhaver,80133718000055,,male,92021765.0
17167.0,,801337,webster financial corp,0,1,0,0,20180228,eccles colin d,80133718000053,EVP- Chief Information Officer,male,92021765.0
12280.0,,801337,webster financial corp,0,1,0,0,20180228,garrigues bernard m,80133718000052,EVP-Chief Human Resources Off,male,92021765.0
92202.0,,801337,webster financial corp,0,1,0,0,20180228,macinnes glenn i,80133718000051,EVP-Chief Financial Officer,male,92021765.0
59043.0,8576.0,801337,webster financial corp,1,1,0,0,20180228,ciulla john r,80133718000056,President & CEO,male,92021765.0
8280.0,,801337,webster financial corp,0,1,0,0,20180228,morris dawn c,80133718000049,EVP-Chief Marketing Officer,female,92021765.0
2987.0,,801337,webster financial corp,0,1,0,0,20180228,runkle brian,80133718000047,EVP - BANK OPS,male,92021765.0
1617.0,,801337,webster financial corp,0,1,0,0,20180228,wang albert jen-wen,80133718000046,Chief Accounting Officer,male,92021765.0
21579.0,,801337,webster financial corp,0,1,0,0,20180228,wilkins charles l,80133718000045,EVP-Head of HSA Bank,male,92021765.0
73882.0,,801337,webster financial corp,0,1,0,0,20180228,wolfe harriet munrett,80133718000044,EVP - General Counsel,female,92021765.0
22496.0,,801337,webster financial corp,0,1,0,0,20180228,motl christopher j,80133718000048,EVP-Commercial Banking,male,92021765.0
57993.0,8576.0,801337,webster financial corp,1,1,0,0,20180321,ciulla john r,80133718000059,President & CEO,male,92021765.0
5849.0,,801337,webster financial corp,false,true,false,false,20180424,morris dawn c,121465918002966,EVP-Chief Marketing Officer,female,92021765.0
20881.0,,801337,webster financial corp,false,true,false,false,20180424,bley daniel,121465918002967,EVP-Chief Risk Officer,male,92021765.0
25652.0,,801337,webster financial corp,true,false,false,false,20180427,morse laurence c,121465918003097,,female,92021765.0
3526.0,,801337,webster financial corp,true,false,false,false,20180427,states lauren,121465918003096,,female,92021765.0
17508.0,,801337,webster financial corp,true,false,false,false,20180427,pettie mark,121465918003088,,male,92021765.0
25164.0,,801337,webster financial corp,true,false,false,false,20180427,osar karen r,121465918003087,,female,92021765.0
18065.0,,801337,webster financial corp,true,false,false,false,20180427,flynn elizabeth e,121465918003086,,female,92021765.0
18272.0,,801337,webster financial corp,true,false,false,false,20180427,atwell william l,121465918003083,,male,92021765.0
54322.0,,801337,webster financial corp,true,false,false,false,20180427,becker joel s,121465918003084,,male,92021765.0
6792.0,,801337,webster financial corp,true,false,false,false,20180427,crawford john joseph,121465918003085,,male,92021765.0
359193.0,160023.0,801337,webster financial corp,true,false,false,false,20180430,smith james copenhaver,121465918003145,,male,92098422.0
33502.0,,801337,webster financial corp,true,false,false,false,20180501,morse laurence c,121465918003204,,female,92098422.0
72272.0,,801337,webster financial corp,true,false,false,false,20180501,becker joel s,121465918003205,,male,92098422.0
20798.0,,801337,webster financial corp,false,true,false,false,20180503,bley daniel,121465918003307,EVP-Chief Risk Officer,male,92098422.0
26902.0,,801337,webster financial corp,true,false,false,false,20180507,morse laurence c,121465918003359,,female,92098422.0
6792.0,,801337,webster financial corp,true,false,false,false,20180507,crawford john joseph,121465918003360,,male,92098422.0
380686.0,,801337,webster financial corp,true,false,false,false,20180524,smith james copenhaver,121465918004018,,male,92098422.0
313487.1533,,801337,webster financial corp,true,false,false,false,20180703,smith james copenhaver,121465918004769,,male,92098422.0
18579.0,,801337,webster financial corp,false,true,false,false,20180726,wilkins charles l,121465918004987,EVP-Head of HSA Bank,male,92098422.0
19329.0,,801337,webster financial corp,false,true,false,false,20180731,bley daniel,121465918005065,EVP-Chief Risk Officer,male,92228475.0
,,801337,webster financial corp,true,false,false,false,20180807,smith james copenhaver,121465918005246,,male,92228475.0
876.0,,801337,webster financial corp,false,true,false,false,20180809,higgins-carter karen,121465918005303,Chief Information Officer,female,92228475.0
73882.0,,801337,webster financial corp,false,true,false,false,20180821,wolfe harriet munrett,121465918005639,EVP - General Counsel,female,92228475.0
310050.6773,,801337,webster financial corp,true,false,false,false,20180905,smith james copenhaver,121465918005908,,male,92228475.0
25508.0,,801337,webster financial corp,true,false,false,false,20181004,pettie mark,121465918006371,,male,92228475.0
1616.0,,801337,webster financial corp,true,false,false,false,20181024,hayles carol,121465918006643,,female,92228475.0
6792.0,,801337,webster financial corp,true,false,false,false,20181101,crawford john joseph,121465918006769,,male,92236627.0
6792.0,,801337,webster financial corp,true,false,false,false,20181105,crawford john joseph,121465918006867,,male,92236627.0
36081.0,,801337,webster financial corp,true,false,false,false,20190104,pettie mark,121465919000158,,male,92177855.0
19215.0,,801337,webster financial corp,true,false,false,false,20190114,crawford john joseph,121465919000323,,male,92177855.0
340983.843,,801337,webster financial corp,true,false,false,false,20190204,smith james copenhaver,121465919000782,,male,92177855.0
30794.0,,801337,webster financial corp,true,false,false,false,20190204,morse laurence c,121465919000783,,female,92177855.0
285983.843,,801337,webster financial corp,true,false,false,false,20190206,smith james copenhaver,121465919000832,,male,92177855.0
0.0,,801337,webster financial corp,true,false,false,false,20190208,crawford john joseph,121465919000889,,male,92177855.0
21164.0,,801337,webster financial corp,true,false,false,false,20190208,osar karen r,121465919000951,,female,92177855.0
25180.0,,801337,webster financial corp,false,true,false,false,20190226,motl christopher j,121465919001505,EVP-Commercial Banking,male,92177855.0
22978.0,,801337,webster financial corp,false,true,false,false,20190226,wilkins charles l,121465919001507,EVP-Head of HSA Bank,male,92177855.0
315396.843,,801337,webster financial corp,true,false,false,false,20190226,smith james copenhaver,121465919001506,,male,92177855.0
78221.0,,801337,webster financial corp,false,true,false,false,20190226,wolfe harriet munrett,121465919001508,EVP - General Counsel,female,92177855.0
42865.0,,801337,webster financial corp,false,true,false,false,20190226,mhatre nitin j.,121465919001504,EVP-Community Banking,male,92177855.0
64338.0,,801337,webster financial corp,true,true,false,false,20190226,ciulla john r,121465919001501,President & CEO,male,92177855.0
16319.67,,801337,webster financial corp,false,true,false,false,20190226,garrigues bernard m,121465919001502,EVP-Chief Human Resources Off,male,92177855.0
23498.0,,801337,webster financial corp,false,true,false,false,20190226,bley daniel,121465919001500,EVP-Chief Risk Officer,male,92177855.0
99459.0,,801337,webster financial corp,false,true,false,false,20190226,macinnes glenn i,121465919001503,EVP-Chief Financial Officer,male,92177855.0
2904.0,,801337,webster financial corp,false,true,false,false,20190227,runkle brian,121465919001614,EVP - BANK OPS,male,92177855.0
1559.0,,801337,webster financial corp,false,true,false,false,20190227,wang albert jen-wen,121465919001592,Chief Accounting Officer,male,92177855.0
77888.0,,801337,webster financial corp,false,true,false,false,20190227,wolfe harriet munrett,121465919001591,EVP - General Counsel,female,92177855.0
22833.0,,801337,webster financial corp,false,true,false,false,20190227,wilkins charles l,121465919001590,EVP-Head of HSA Bank,male,92177855.0
42715.0,,801337,webster financial corp,false,true,false,false,20190227,mhatre nitin j.,121465919001588,EVP-Community Banking,male,92177855.0
25030.0,,801337,webster financial corp,false,true,false,false,20190227,motl christopher j,121465919001589,EVP-Commercial Banking,male,92177855.0
16215.67,,801337,webster financial corp,false,true,false,false,20190227,garrigues bernard m,121465919001586,EVP-Chief Human Resources Off,male,92177855.0
63850.0,,801337,webster financial corp,true,true,false,false,20190227,ciulla john r,121465919001585,President & CEO,male,92177855.0
23360.0,,801337,webster financial corp,false,true,false,false,20190227,bley daniel,121465919001584,EVP-Chief Risk Officer,male,92177855.0
99185.0,,801337,webster financial corp,false,true,false,false,20190227,macinnes glenn i,121465919001587,EVP-Chief Financial Officer,male,92177855.0
3568.0,,801337,webster financial corp,false,true,false,false,20190305,runkle brian,121465919001815,EVP - BANK OPS,male,92177855.0
27070.0,,801337,webster financial corp,false,true,false,false,20190305,motl christopher j,121465919001812,EVP-Commercial Banking,male,92177855.0
2267.0,,801337,webster financial corp,false,true,false,false,20190305,wang albert jen-wen,121465919001816,Chief Accounting Officer,male,92177855.0
17191.67,,801337,webster financial corp,false,true,false,false,20190305,garrigues bernard m,121465919001814,EVP-Chief Human Resources Off,male,92177855.0
101497.0,,801337,webster financial corp,false,true,false,false,20190305,macinnes glenn i,121465919001813,EVP-Chief Financial Officer,male,92177855.0
44126.0,,801337,webster financial corp,false,true,false,false,20190305,mhatre nitin j.,121465919001811,EVP-Community Banking,male,92177855.0
70068.0,,801337,webster financial corp,true,true,false,false,20190305,ciulla john r,121465919001806,President & CEO,male,92177855.0
24654.0,,801337,webster financial corp,false,true,false,false,20190305,bley daniel,121465919001809,EVP-Chief Risk Officer,male,92177855.0
2093.0,,801337,webster financial corp,false,true,false,false,20190305,higgins-carter karen,121465919001808,Chief Information Officer,female,92177855.0
79000.0,,801337,webster financial corp,false,true,false,false,20190305,wolfe harriet munrett,121465919001807,EVP - General Counsel,female,92177855.0
24168.0,,801337,webster financial corp,false,true,false,false,20190305,wilkins charles l,121465919001810,EVP-Head of HSA Bank,male,92177855.0
68677.0,,801337,webster financial corp,true,true,false,false,20190321,ciulla john r,121465919002232,President & CEO,male,92177855.0
19735.0,,801337,webster financial corp,true,false,false,false,20190426,atwell william l,121465919002962,,male,92177855.0
4717.0,,801337,webster financial corp,true,false,false,false,20190426,states lauren,121465919002939,,female,92177855.0
37272.0,,801337,webster financial corp,true,false,false,false,20190426,pettie mark,121465919002942,,male,92177855.0
22355.0,,801337,webster financial corp,true,false,false,false,20190426,osar karen r,121465919002944,,female,92177855.0
31985.0,,801337,webster financial corp,true,false,false,false,20190426,morse laurence c,121465919002947,,female,92177855.0
2807.0,,801337,webster financial corp,true,false,false,false,20190426,hayles carol,121465919002948,,female,92177855.0
19199.0,,801337,webster financial corp,true,false,false,false,20190426,crawford john joseph,121465919002951,,male,92177855.0
19256.0,,801337,webster financial corp,true,false,false,false,20190426,flynn elizabeth e,121465919002952,,female,92177855.0
20654.0,,801337,webster financial corp,false,true,false,false,20190430,bley daniel,121465919003042,EVP-Chief Risk Officer,male,92142999.0
17699.0,,801337,webster financial corp,true,false,false,false,20190501,crawford john joseph,121465919003075,,male,92142999.0
17099.0,,801337,webster financial corp,true,false,false,false,20190506,crawford john joseph,121465919003193,,male,92142999.0
315396.843,,801337,webster financial corp,true,false,false,false,20190703,smith james copenhaver,121465919004494,,male,92142999.0
16099.0,,801337,webster financial corp,true,false,false,false,20190724,crawford john joseph,121465919004731,,male,92142999.0
15099.0,,801337,webster financial corp,true,false,false,false,20190730,crawford john joseph,121465919004844,,male,92142999.0
18654.0,,801337,webster financial corp,false,true,false,false,20190801,bley daniel,121465919004905,EVP-Chief Risk Officer,male,92160144.0
4128.55,,801337,webster financial corp,false,true,false,false,20190913,motl christopher j,121465919005861,EVP-Commercial Banking,male,92160144.0
14099.0,,801337,webster financial corp,true,false,false,false,20191030,crawford john joseph,121465919006707,,male,92160144.0
31272.0,,801337,webster financial corp,true,false,false,false,20191105,pettie mark,121465919006877,,male,92031914.0
12099.0,,801337,webster financial corp,true,false,false,false,20191105,crawford john joseph,121465919006878,,male,92031914.0
22619.0,,801337,webster financial corp,false,true,false,false,20200103,wilkins charles l,121465920000128,EVP-Head of HSA Bank,male,92026562.0
26168.0,,801337,webster financial corp,false,true,false,false,20200115,motl christopher j,121465920000354,EVP-Commercial Banking,male,92026562.0
31122.0,,801337,webster financial corp,true,false,false,false,20200131,pettie mark,121465920000755,,male,92026562.0
7165.47,,801337,webster financial corp,false,true,false,false,20200203,motl christopher j,121465920000849,EVP-Commercial Banking,male,92026562.0
70977.0,,801337,webster financial corp,true,true,false,false,20200204,ciulla john r,121465920000901,President & CEO,male,92026562.0
10599.0,,801337,webster financial corp,true,false,false,false,20200207,crawford john joseph,121465920001066,,male,92026562.0
9099.0,,801337,webster financial corp,true,false,false,false,20200220,crawford john joseph,121465920001623,,male,92026562.0
20521.0,,801337,webster financial corp,false,true,false,false,20200226,bley daniel,121465920001871,EVP-Chief Risk Officer,male,92026562.0
19607.686,,801337,webster financial corp,false,true,false,false,20200226,garrigues bernard m,121465920001873,EVP-Chief Human Resources Off,male,92026562.0
105528.0,,801337,webster financial corp,false,true,false,false,20200226,macinnes glenn i,121465920001874,EVP-Chief Financial Officer,male,92026562.0
75912.0,,801337,webster financial corp,true,true,false,false,20200226,ciulla john r,121465920001872,President & CEO,male,92026562.0
28267.0,,801337,webster financial corp,false,true,false,false,20200226,motl christopher j,121465920001876,EVP-Commercial Banking,male,92026562.0
2740.0,,801337,webster financial corp,false,true,false,false,20200226,runkle brian,121465920001877,EVP - BANK OPS,male,92026562.0
331975.843,,801337,webster financial corp,true,false,false,false,20200226,smith james copenhaver,121465920001878,,male,92026562.0
25401.0,,801337,webster financial corp,false,true,false,false,20200226,wilkins charles l,121465920001879,EVP-Head of HSA Bank,male,92026562.0
81230.0,,801337,webster financial corp,false,true,false,false,20200226,wolfe harriet munrett,121465920001880,EVP - General Counsel,female,92026562.0
46241.0,,801337,webster financial corp,false,true,false,false,20200226,mhatre nitin j.,121465920001875,EVP-Community Banking,male,92026562.0
75423.0,,801337,webster financial corp,true,true,false,false,20200227,ciulla john r,121465920001928,President & CEO,male,92026562.0
19503.686,,801337,webster financial corp,false,true,false,false,20200227,garrigues bernard m,121465920001927,EVP-Chief Human Resources Off,male,92026562.0
105282.0,,801337,webster financial corp,false,true,false,false,20200227,macinnes glenn i,121465920001926,EVP-Chief Financial Officer,male,92026562.0
46091.0,,801337,webster financial corp,false,true,false,false,20200227,mhatre nitin j.,121465920001925,EVP-Community Banking,male,92026562.0
20383.0,,801337,webster financial corp,false,true,false,false,20200227,bley daniel,121465920001929,EVP-Chief Risk Officer,male,92026562.0
28117.0,,801337,webster financial corp,false,true,false,false,20200227,motl christopher j,121465920001923,EVP-Commercial Banking,male,92026562.0
2209.0,,801337,webster financial corp,false,true,false,false,20200227,wang albert jen-wen,121465920001922,Chief Accounting Officer,male,92026562.0
25256.0,,801337,webster financial corp,false,true,false,false,20200227,wilkins charles l,121465920001921,EVP-Head of HSA Bank,male,92026562.0
2671.0,,801337,webster financial corp,false,true,false,false,20200227,runkle brian,121465920001924,EVP - BANK OPS,male,92026562.0
83168.0,,801337,webster financial corp,false,true,false,false,20200304,wolfe harriet munrett,121465920002245,EVP - General Counsel,female,92026562.0
22978.0,,801337,webster financial corp,false,true,false,false,20200304,bley daniel,121465920002244,EVP-Chief Risk Officer,male,92026562.0
90749.0,,801337,webster financial corp,true,true,false,false,20200304,ciulla john r,121465920002243,President & CEO,male,92026562.0
21688.686,,801337,webster financial corp,false,true,false,false,20200304,garrigues bernard m,121465920002242,EVP-Chief Human Resources Off,male,92026562.0
4675.0,,801337,webster financial corp,false,true,false,false,20200304,higgins-carter karen,121465920002241,Chief Information Officer,female,92026562.0
110502.0,,801337,webster financial corp,false,true,false,false,20200304,macinnes glenn i,121465920002240,EVP-Chief Financial Officer,male,92026562.0
49766.0,,801337,webster financial corp,false,true,false,false,20200304,mhatre nitin j.,121465920002239,EVP-Community Banking,male,92026562.0
4296.0,,801337,webster financial corp,false,true,false,false,20200304,runkle brian,121465920002237,EVP - BANK OPS,male,92026562.0
3142.0,,801337,webster financial corp,false,true,false,false,20200304,wang albert jen-wen,121465920002236,Chief Accounting Officer,male,92026562.0
28754.0,,801337,webster financial corp,false,true,false,false,20200304,wilkins charles l,121465920002235,EVP-Head of HSA Bank,male,92026562.0
38054.0,,801337,webster financial corp,false,true,false,false,20200304,motl christopher j,121465920002238,EVP-Commercial Banking,male,92026562.0
88868.0,,801337,webster financial corp,true,true,false,false,20200323,ciulla john r,121465920002838,President & CEO,male,92026562.0
25580.0,,801337,webster financial corp,1,0,0,0,20200424,osar karen r,122538520000083,,female,92026562.0
7942.0,,801337,webster financial corp,1,0,0,0,20200424,states lauren,122538520000085,,female,92026562.0
34347.0,,801337,webster financial corp,1,0,0,0,20200424,pettie mark,122538520000084,,male,92026562.0
35256.0,,801337,webster financial corp,1,0,0,0,20200424,morse laurence c,122538520000082,,female,92026562.0
3253.0,,801337,webster financial corp,1,0,0,0,20200424,ianieri linda h.,122538520000081,,female,92026562.0
22481.0,,801337,webster financial corp,1,0,0,0,20200424,flynn elizabeth e,122538520000079,,female,92026562.0
23709.0,,801337,webster financial corp,1,0,0,0,20200424,atwell william l,122538520000078,,male,92026562.0
6032.0,,801337,webster financial corp,1,0,0,0,20200424,hayles carol,122538520000080,,female,92026562.0
28709.0,,801337,webster financial corp,1,0,0,0,20200427,atwell william l,122538520000087,,male,92026562.0
30481.0,,801337,webster financial corp,1,0,0,0,20200428,flynn elizabeth e,122538520000089,,female,92026562.0
31209.0,,801337,webster financial corp,1,0,0,0,20200501,atwell william l,122538520000090,,male,90169710.0
88168.0,,801337,webster financial corp,0,1,0,0,20200514,wolfe harriet munrett,122538520000123,EVP - General Counsel,female,90169710.0
115502.0,,801337,webster financial corp,0,1,0,0,20200514,macinnes glenn i,122538520000124,EVP-Chief Financial Officer,male,90169710.0
33709.0,,801337,webster financial corp,1,0,0,0,20200514,atwell william l,122538520000125,,male,90169710.0
14021.67,,801337,webster financial corp,1,1,0,0,20200515,ciulla john r,122538520000146,"Chairman, President & CEO",male,90169710.0
4560.0,,801337,webster financial corp,1,0,0,0,20200714,bush james peter,122538520000223,,male,90169710.0
2783.0,,801337,webster financial corp,0,1,0,0,20201013,wang albert jen-wen,122538520000258,Chief Accounting Officer,male,90192033.0
11543.0,2321.125,801337,webster financial corp,0,1,0,0,20201103,roberts jonathan w.,122538520000264,EVP - Ret. Bank. & Cons. Lend.,male,90201149.0
37138.0,,801337,webster financial corp,0,1,0,0,20210112,motl christopher j,122538521000002,EVP-Commercial Banking,male,90198922.0
32027.0,,801337,webster financial corp,1,0,0,0,20210201,pettie mark,122538521000011,,male,90198922.0
3444.99,,801337,webster financial corp,0,1,0,0,20210201,roberts jonathan w.,122538521000012,EVP - Ret. Bank. & Cons. Lend.,male,90198922.0
18978.0,,801337,webster financial corp,0,1,0,0,20210201,bley daniel,122538521000013,EVP-Chief Risk Officer,male,90198922.0
32138.0,7522.516,801337,webster financial corp,0,1,0,0,20210210,motl christopher j,122538521000022,EVP-Commercial Banking,male,90198922.0
99702.0,14591.606,801337,webster financial corp,1,1,0,0,20210218,ciulla john r,122538521000050,"Chairman, President & CEO",male,90198922.0
101698.0,23888.855000000003,801337,webster financial corp,0,1,0,0,20210218,wolfe harriet munrett,122538521000051,EVP - General Counsel,female,90198922.0
23754.0,,801337,webster financial corp,0,1,0,0,20210219,wilkins charles l,122538521000053,EVP-Head of HSA Bank,male,90198922.0
127913.0,,801337,webster financial corp,0,1,0,0,20210222,macinnes glenn i,122538521000059,EVP-Chief Financial Officer,male,90198922.0
30027.0,,801337,webster financial corp,1,0,0,0,20210223,pettie mark,122538521000061,,male,90198922.0
20580.0,,801337,webster financial corp,1,0,0,0,20210224,osar karen r,122538521000066,,female,90198922.0
125897.0,,801337,webster financial corp,0,1,0,0,20210226,macinnes glenn i,122538521000079,EVP-Chief Financial Officer,male,90198922.0
17342.0,,801337,webster financial corp,0,1,0,0,20210226,bley daniel,122538521000080,EVP-Chief Risk Officer,male,90198922.0
26197.0,,801337,webster financial corp,0,1,0,0,20210302,wilkins charles l,122538521000098,EVP-Head of HSA Bank,male,90198922.0
5472.0,,801337,webster financial corp,0,1,0,0,20210302,runkle brian,122538521000097,EVP-Bank Ops,male,90198922.0
129161.0,,801337,webster financial corp,0,1,0,0,20210302,macinnes glenn i,122538521000096,EVP-Chief Financial Officer,male,90198922.0
19802.0,,801337,webster financial corp,0,1,0,0,20210302,bley daniel,122538521000095,EVP-Chief Risk Officer,male,90198922.0
3585.0,,801337,webster financial corp,0,1,0,0,20210302,wang albert jen-wen,122538521000093,Chief Accounting Officer,male,90198922.0
34820.0,7522.516,801337,webster financial corp,0,1,0,0,20210302,motl christopher j,122538521000092,EVP-Commercial Banking,male,90198922.0
24356.628,,801337,webster financial corp,0,1,0,0,20210302,garrigues bernard m,122538521000091,EVP-Chief Human Resources Off,male,90198922.0
108460.0,14591.606,801337,webster financial corp,1,1,0,0,20210302,ciulla john r,122538521000090,"Chairman, President & CEO",male,90198922.0
103720.0,23888.855000000003,801337,webster financial corp,0,1,0,0,20210302,wolfe harriet munrett,122538521000094,EVP - General Counsel,female,90198922.0
25665.0,,801337,webster financial corp,0,1,0,0,20210303,wilkins charles l,122538521000117,EVP-Head of HSA Bank,male,90198922.0
102763.0,23888.855000000003,801337,webster financial corp,0,1,0,0,20210303,wolfe harriet munrett,122538521000118,EVP - General Counsel,female,90198922.0
3400.0,,801337,webster financial corp,0,1,0,0,20210303,wang albert jen-wen,122538521000115,Chief Accounting Officer,male,90198922.0
24015.628,,801337,webster financial corp,0,1,0,0,20210303,garrigues bernard m,122538521000116,EVP-Chief Human Resources Off,male,90198922.0
34139.0,7522.516,801337,webster financial corp,0,1,0,0,20210303,motl christopher j,122538521000113,EVP-Commercial Banking,male,90198922.0
127959.0,,801337,webster financial corp,0,1,0,0,20210303,macinnes glenn i,122538521000109,EVP-Chief Financial Officer,male,90198922.0
19380.0,,801337,webster financial corp,0,1,0,0,20210303,bley daniel,122538521000112,EVP-Chief Risk Officer,male,90198922.0
105342.0,14591.606,801337,webster financial corp,1,1,0,0,20210303,ciulla john r,122538521000111,"Chairman, President & CEO",male,90198922.0
5230.0,,801337,webster financial corp,0,1,0,0,20210303,runkle brian,122538521000114,EVP-Bank Ops,male,90198922.0
4192.0,,801337,webster financial corp,0,1,0,0,20210303,higgins-carter karen,122538521000110,Chief Information Officer,female,90198922.0
9363.0,,801337,webster financial corp,1,0,0,0,20210426,states lauren,122538521000158,,female,90198922.0
31448.0,,801337,webster financial corp,1,0,0,0,20210426,pettie mark,122538521000156,,male,90198922.0
22001.0,,801337,webster financial corp,1,0,0,0,20210426,osar karen r,122538521000154,,female,90198922.0
36754.0226,,801337,webster financial corp,1,0,0,0,20210426,morse laurence c,122538521000152,,female,90198922.0
4674.0,,801337,webster financial corp,1,0,0,0,20210426,ianieri linda h.,122538521000150,,female,90198922.0
7453.0,,801337,webster financial corp,1,0,0,0,20210426,hayles carol,122538521000148,,female,90198922.0
31902.0,,801337,webster financial corp,1,0,0,0,20210426,flynn elizabeth e,122538521000146,,female,90198922.0
35461.0,,801337,webster financial corp,1,0,0,0,20210426,atwell william l,122538521000143,,male,90198922.0
104824.0,23888.855000000003,801337,webster financial corp,0,1,0,0,20210505,wolfe harriet munrett,122538521000181,EVP - General Counsel,female,90420187.0
6830.0,,801337,webster financial corp,0,1,0,0,20210505,runkle brian,122538521000178,EVP-Bank Ops,male,90420187.0
26076.628,,801337,webster financial corp,0,1,0,0,20210505,garrigues bernard m,122538521000176,EVP-Chief Human Resources Off,male,90420187.0
13664.0,3444.99,801337,webster financial corp,0,1,0,0,20210505,roberts jonathan w.,122538521000173,EVP - Ret. Bank. & Cons. Lend.,male,90420187.0
4363.0,,801337,webster financial corp,0,1,0,0,20210505,wang albert jen-wen,122538521000180,Chief Accounting Officer,male,90420187.0
21865.0,,801337,webster financial corp,0,1,0,0,20210505,bley daniel,122538521000168,EVP-Chief Risk Officer,male,90420187.0
29082.0,,801337,webster financial corp,0,1,0,0,20210505,wilkins charles l,122538521000166,EVP-Head of HSA Bank,male,90420187.0
38626.0,7522.516,801337,webster financial corp,0,1,0,0,20210505,motl christopher j,122538521000164,EVP-Commercial Banking,male,90420187.0
132686.0,,801337,webster financial corp,0,1,0,0,20210505,macinnes glenn i,122538521000162,EVP-Chief Financial Officer,male,90420187.0
119736.0,14591.606,801337,webster financial corp,1,1,0,0,20210505,ciulla john r,122538521000160,"Chairman, President & CEO",male,90420187.0
6677.0,,801337,webster financial corp,0,1,0,0,20210505,higgins-carter karen,122538521000170,Chief Information Officer,female,90420187.0
6402.0,,801337,webster financial corp,0,1,0,0,20210810,higgins-carter karen,122538521000250,Chief Information Officer,female,90592291.0
36210.0,7522.516,801337,webster financial corp,0,1,0,0,20220112,motl christopher j,106299322000955,EVP-Commercial Banking,male,90583621.0
1860.0,,801337,webster financial corp,0,1,0,0,20220202,ordonez beatrice,106299322002397,Chief Innovation Officer,female,90583621.0
53593.0,,801337,webster financial corp,0,1,0,0,20220202,geisel thomas x,106299322002392,President of Comm. Banking,male,90583621.0
35241.0,,801337,webster financial corp,0,1,0,0,20220202,evans javier l.,106299322002389,Chief Human Resources Officer,male,90583621.0
42488.0,,801337,webster financial corp,0,1,0,0,20220202,blose james p,106299322002387,General Counsel & Corp. Sec.,male,90583621.0
8317.0,,801337,webster financial corp,0,1,0,0,20220202,massiani luis,106299322002385,Chief Operating Officer,male,90583621.0
5179.0,,801337,webster financial corp,1,0,0,0,20220202,mitchell maureen,106299322002380,,female,90583621.0
68788.0,,801337,webster financial corp,1,0,0,0,20220202,landy james j,106299322002376,,male,90583621.0
15277.0,,801337,webster financial corp,1,0,0,0,20220202,cahill john p.,106299322002373,,male,90583621.0
4306.0,,801337,webster financial corp,1,0,0,0,20220202,aboelnaga mona,106299322002369,,female,90583621.0
27416.0,,801337,webster financial corp,1,0,0,0,20220202,o'toole richard l.,106299322002361,,male,90583621.0
2065.0,,801337,webster financial corp,1,0,0,1,20220202,kopnisky jack l,106299322002357,,male,90583621.0
13012.0,,801337,webster financial corp,1,0,0,0,20220202,whiston william e.,106299322002384,,male,90583621.0
111686.0,23888.855000000003,801337,webster financial corp,0,1,0,0,20220203,wolfe harriet munrett,106299322002518,EVP - General Counsel,female,90583621.0
12035.0,,801337,webster financial corp,0,1,0,0,20220203,runkle brian,106299322002515,EVP - Bank Ops,male,90583621.0
14635.0,,801337,webster financial corp,0,1,0,0,20220203,higgins-carter karen,106299322002511,Chief Information Officer,female,90583621.0
32938.628,,801337,webster financial corp,0,1,0,0,20220203,garrigues bernard m,106299322002509,EVP-Chief Human Resources Off,male,90583621.0
20501.0,3444.99,801337,webster financial corp,0,1,0,0,20220203,roberts jonathan w.,106299322002513,EVP - Ret. Bank. & Cons. Lend.,male,90583621.0
7496.0,,801337,webster financial corp,0,1,0,0,20220203,wang albert jen-wen,106299322002505,Chief Accounting Officer,male,90583621.0
67004.5,7522.516,801337,webster financial corp,0,1,0,0,20220203,motl christopher j,106299322002503,President of Comm. Banking,male,90583621.0
173700.5,,801337,webster financial corp,0,1,0,0,20220203,macinnes glenn i,106299322002501,Chief Financial Officer,male,90583621.0
209249.5,14591.606,801337,webster financial corp,1,1,0,0,20220203,ciulla john r,106299322002499,President and CEO,male,90583621.0
40233.0,,801337,webster financial corp,0,1,0,0,20220203,wilkins charles l,106299322002507,Head of HSA Bank,male,90583621.0
30098.0,,801337,webster financial corp,0,1,0,0,20220203,bley daniel,106299322002497,Chief Risk Officer,male,90583621.0
41491.0,,801337,webster financial corp,0,1,0,0,20220209,blose james p,106299322003350,General Counsel & Corp. Sec.,male,90583621.0
33996.0,,801337,webster financial corp,0,1,0,0,20220209,evans javier l.,106299322003352,Chief Human Resources Officer,male,90583621.0
51271.0,,801337,webster financial corp,0,1,0,0,20220209,geisel thomas x,106299322003359,President of Comm. Banking,male,90583621.0
391037.0,6695.0,801337,webster financial corp,1,0,0,1,20220209,kopnisky jack l,106299322003361,,male,90583621.0
150918.5,,801337,webster financial corp,0,1,0,0,20220209,massiani luis,106299322003363,Chief Operating Officer,male,90583621.0
26098.0,,801337,webster financial corp,0,1,0,0,20220301,bley daniel,106299322006130,Chief Risk Officer,male,90583621.0
54082.0,,801337,webster financial corp,0,1,0,0,20220303,wilkins charles l,106299322006716,Head of HSA Bank,male,90583621.0
9555.0,,801337,webster financial corp,0,1,0,0,20220303,wang albert jen-wen,106299322006714,Chief Accounting Officer,male,90583621.0
72098.0,,801337,webster financial corp,0,1,0,0,20220303,ordonez beatrice,106299322006712,Chief Innovation Officer,female,90583621.0
160910.5,,801337,webster financial corp,0,1,0,0,20220303,massiani luis,106299322006707,Chief Operating Officer,male,90583621.0
76140.5,7745.817,801337,webster financial corp,0,1,0,0,20220303,motl christopher j,106299322006710,President of Comm. Banking,male,90583621.0
413019.0,6695.0,801337,webster financial corp,1,1,0,0,20220303,kopnisky jack l,106299322006702,Exec. Chair. Company & Bank,male,90583621.0
37909.0,,801337,webster financial corp,0,1,0,0,20220303,evans javier l.,106299322006698,Chief Human Resources Officer,male,90583621.0
236805.5,15024.888,801337,webster financial corp,1,1,0,0,20220303,ciulla john r,106299322006693,President and CEO,male,90583621.0
45404.0,,801337,webster financial corp,0,1,0,0,20220303,blose james p,106299322006691,General Counsel & Corp. Sec.,male,90583621.0
165275.0,,801337,webster financial corp,0,1,0,0,20220303,macinnes glenn i,106299322006705,Chief Financial Officer,male,90583621.0
31240.0,,801337,webster financial corp,0,1,0,0,20220303,bley daniel,106299322006687,Chief Risk Officer,male,90583621.0
37961.0,,801337,webster financial corp,1,0,0,0,20220308,atwell william l,106299322007084,,male,90583621.0
335824.0,6695.0,801337,webster financial corp,1,1,0,0,20220308,kopnisky jack l,106299322007086,Exec. Chair. Company & Bank,male,90583621.0
73640.5,7745.817,801337,webster financial corp,0,1,0,0,20220316,motl christopher j,106299322007869,President of Comm. Banking,male,90583621.0
43771.0,,801337,webster financial corp,0,1,0,0,20220316,geisel thomas x,106299322007871,President of Comm. Banking,male,90583621.0
40134.0,,801337,webster financial corp,1,0,0,0,20220502,atwell william l,106299322011280,,male,178099467.0
17450.0,,801337,webster financial corp,1,0,0,0,20220502,cahill john p.,106299322011274,,male,178099467.0
9626.0,,801337,webster financial corp,1,0,0,0,20220502,hayles carol,106299322011263,,female,178099467.0
6847.0,,801337,webster financial corp,1,0,0,0,20220502,ianieri linda h.,106299322011257,,female,178099467.0
7352.0,,801337,webster financial corp,1,0,0,0,20220502,mitchell maureen,106299322011253,,female,178099467.0
11536.0,,801337,webster financial corp,1,0,0,0,20220502,states lauren,106299322011236,,female,178099467.0
24174.0,,801337,webster financial corp,1,0,0,0,20220502,osar karen r,106299322011245,,female,178099467.0
33371.0,,801337,webster financial corp,1,0,0,0,20220502,pettie mark,106299322011240,,male,178099467.0
6479.0,,801337,webster financial corp,1,0,0,0,20220502,aboelnaga mona,106299322011230,,female,178099467.0
103432.0,75844.0,801337,webster financial corp,1,0,0,0,20220502,landy james j,106299322011192,,male,178099467.0
38974.8176,,801337,webster financial corp,1,0,0,0,20220502,morse laurence c,106299322011186,,female,178099467.0
3762.0,13666.0,801337,webster financial corp,1,0,0,0,20220502,whiston william e.,106299322011183,,male,178099467.0
29589.0,,801337,webster financial corp,1,0,0,0,20220502,o'toole richard l.,106299322011249,,male,178099467.0
164781.0,,801337,webster financial corp,0,1,0,0,20220506,macinnes glenn i,106299322011785,Chief Financial Officer,male,178099467.0
234581.5,15024.888,801337,webster financial corp,1,1,0,0,20220506,ciulla john r,106299322011783,President and CEO,male,178099467.0
9454.0,,801337,webster financial corp,0,1,0,0,20220506,wang albert jen-wen,106299322011773,Chief Accounting Officer,male,178099467.0
53733.0,,801337,webster financial corp,0,1,0,0,20220506,wilkins charles l,106299322011775,Head of HSA Bank,male,178099467.0
30980.0,,801337,webster financial corp,0,1,0,0,20220506,bley daniel,106299322011781,Chief Risk Officer,male,178099467.0
73171.5,7745.817,801337,webster financial corp,0,1,0,0,20220506,motl christopher j,106299322011737,President of Comm. Banking,male,178099467.0
7872.0,,801337,webster financial corp,1,0,0,0,20220509,mitchell maureen,106299322011868,,female,178099467.0
34929.112,,801337,webster financial corp,0,1,0,0,20220519,evans javier l.,106299322013053,Chief Human Resources Officer,male,178099467.0
152910.35,,801337,webster financial corp,0,1,0,0,20220808,massiani luis,106299322017492,Chief Operating Officer,male,175833610.0
132910.35,,801337,webster financial corp,0,1,0,0,20220909,massiani luis,106299322019413,Chief Operating Officer,male,175833610.0
124998.35,,801337,webster financial corp,0,1,0,0,20230104,massiani luis,106299323000389,Chief Operating Officer,male,174007573.0
32102.112,,801337,webster financial corp,0,1,0,0,20230104,evans javier l.,106299323000391,Chief Human Resources Officer,male,174007573.0
42576.0,,801337,webster financial corp,0,1,0,0,20230104,blose james p,106299323000393,General Counsel & Corp. Sec.,male,174007573.0
,,801337,webster financial corp,,1,,,20230201,ordonez beatrice,143774923002271,Chief Innovation Officer,female,174007573.0
125155.85,,801337,webster financial corp,,1,,,20230202,massiani luis,143774923002394,Chief Operating Officer,male,174007573.0
73685.0,7745.817,801337,webster financial corp,,1,,,20230202,motl christopher j,143774923002393,President of Comm. Banking,male,174007573.0
164976.0,,801337,webster financial corp,,1,,,20230202,macinnes glenn i,143774923002392,Chief Financial Officer,male,174007573.0
222038.0,15024.888,801337,webster financial corp,1,1,,,20230202,ciulla john r,143774923002391,President and CEO,male,174007573.0
31677.112,,801337,webster financial corp,0,1,0,0,20230207,evans javier l.,120919123007593,Chief Human Resources Officer,male,174007573.0
123915.85,,801337,webster financial corp,0,1,0,0,20230207,massiani luis,120919123007595,Chief Operating Officer,male,174007573.0
31268.112,,801337,webster financial corp,0,1,0,0,20230209,evans javier l.,120919123008047,Chief Human Resources Officer,male,174007573.0
121693.85,,801337,webster financial corp,0,1,0,0,20230209,massiani luis,120919123008048,Chief Operating Officer,male,174007573.0
74629.0,7982.959,801337,webster financial corp,0,1,0,0,20230221,motl christopher j,120919123011369,"President, Commercial Banking",male,174007573.0
32585.0,,801337,webster financial corp,1,0,0,0,20230302,pettie mark,120919123014812,,male,174007573.0
229827.0,15485.124,801337,webster financial corp,1,1,0,0,20230303,ciulla john r,120919123015966,President and CEO,male,174007573.0
53991.0,,801337,webster financial corp,0,1,0,0,20230303,wilkins charles l,120919123015981,Head of HSA Bank,male,174007573.0
10744.0,,801337,webster financial corp,0,1,0,0,20230303,wang albert jen-wen,120919123015979,Chief Accounting Officer,male,174007573.0
74445.0,7982.959,801337,webster financial corp,0,1,0,0,20230303,motl christopher j,120919123015978,"President, Commercial Banking",male,174007573.0
166305.0,,801337,webster financial corp,0,1,0,0,20230303,macinnes glenn i,120919123015976,Chief Financial Officer,male,174007573.0
131152.85,,801337,webster financial corp,0,1,0,0,20230303,massiani luis,120919123015977,Chief Operating Officer,male,174007573.0
34104.112,,801337,webster financial corp,0,1,0,0,20230303,evans javier l.,120919123015970,Chief Human Resources Officer,male,174007573.0
31573.0,,801337,webster financial corp,0,1,0,0,20230303,bley daniel,120919123015963,Chief Risk Officer,male,174007573.0
350041.0,6695.0,801337,webster financial corp,1,1,0,0,20230303,kopnisky jack l,120919123015974,Exec. Chair. Company & Bank,male,174007573.0
27062.0,,801337,webster financial corp,1,0,0,0,20230428,osar karen r,120919123026150,,female,174744977.0
6650.0,13666.0,801337,webster financial corp,1,0,0,0,20230428,whiston william e.,120919123026155,,male,174744977.0
10760.0,,801337,webster financial corp,1,0,0,0,20230428,mitchell maureen,120919123026166,,female,174744977.0
14424.0,,801337,webster financial corp,1,0,0,0,20230428,states lauren,120919123026154,,female,174744977.0
35473.0,,801337,webster financial corp,1,0,0,0,20230428,pettie mark,120919123026152,,male,174744977.0
32477.0,,801337,webster financial corp,1,0,0,0,20230428,o'toole richard l.,120919123026151,,male,174744977.0
41912.6976,,801337,webster financial corp,1,0,0,0,20230428,morse laurence c,120919123026149,,female,174744977.0
43022.0,,801337,webster financial corp,1,0,0,0,20230428,atwell william l,120919123026139,,male,174744977.0
9735.0,,801337,webster financial corp,1,0,0,0,20230428,ianieri linda h.,120919123026143,,female,174744977.0
12514.0,,801337,webster financial corp,1,0,0,0,20230428,hayles carol,120919123026141,,female,174744977.0
20349.866,,801337,webster financial corp,1,0,0,0,20230428,cahill john p.,120919123026140,,male,174744977.0
9367.0,,801337,webster financial corp,1,0,0,0,20230428,aboelnaga mona,120919123026137,,female,174744977.0
106320.0,73894.0,801337,webster financial corp,1,0,0,0,20230428,landy james j,120919123026144,,male,174744977.0
243688.0,15485.124,801337,webster financial corp,1,1,0,0,20230502,ciulla john r,120919123026480,President and CEO,male,174744977.0
73781.0,7982.959,801337,webster financial corp,0,1,0,0,20230505,motl christopher j,120919123027795,"President, Commercial Banking",male,174744977.0
10643.0,,801337,webster financial corp,0,1,0,0,20230505,wang albert jen-wen,120919123027798,Chief Accounting Officer,male,174744977.0
53494.0,,801337,webster financial corp,0,1,0,0,20230505,wilkins charles l,120919123027800,Head of HSA Bank,male,174744977.0
165606.0,,801337,webster financial corp,0,1,0,0,20230505,macinnes glenn i,120919123027791,Chief Financial Officer,male,174744977.0
241560.0,15485.124,801337,webster financial corp,1,1,0,0,20230505,ciulla john r,120919123027788,President and CEO,male,174744977.0
31205.0,,801337,webster financial corp,0,1,0,0,20230505,bley daniel,120919123027785,Chief Risk Officer,male,174744977.0
115152.85,,801337,webster financial corp,0,1,0,0,20230608,massiani luis,120919123035469,Chief Operating Officer,male,174744977.0
345041.0,6695.0,801337,webster financial corp,1,1,0,0,20230726,kopnisky jack l,120919123043370,Exec. Chair. Company & Bank,male,174744977.0
12177.0,,801337,webster financial corp,0,1,0,0,20230928,berner kristy,120919123050713,"EVP, GC & Corp Sec",female,173254930.0
238784.0,15485.124,801337,webster financial corp,1,1,0,0,20231201,ciulla john r,120919123057051,President and CEO,male,172035064.0
340041.0,6695.0,801337,webster financial corp,1,1,0,0,20231208,kopnisky jack l,120919123057893,Exec. Chair. Company & Bank,male,172035064.0
66078.0,7056.0,801337,webster financial corp,1,0,0,0,20231214,landy james j,120919123058599,,male,172035064.0
315041.0,6695.0,801337,webster financial corp,1,1,0,0,20231215,kopnisky jack l,120919123058754,Exec. Chair. Company & Bank,male,172035064.0
103120.85,,801337,webster financial corp,0,1,0,0,20240103,massiani luis,120919124000403,Chief Operating Officer,male,172021956.0
29763.112,,801337,webster financial corp,0,1,0,0,20240103,evans javier l.,120919124000409,Chief Human Resources Officer,male,172021956.0
,,801337,webster financial corp,0,1,0,0,20240103,trumbull katherine vines,120919124000414,Associate General Counsel,female,172021956.0
310041.0,6695.0,801337,webster financial corp,1,1,0,0,20240103,kopnisky jack l,120919124000397,Exec. Chair. Company & Bank,male,172021956.0
29955.0,,801337,webster financial corp,0,1,0,0,20240126,bley daniel,120919124002297,Chief Risk Officer,male,172021956.0
49528.0,,801337,webster financial corp,0,1,0,0,20240126,wilkins charles l,120919124002299,Head of HSA Bank,male,172021956.0
34781.0,,801337,webster financial corp,1,0,0,0,20240129,pettie mark,120919124002360,,male,172021956.0
89620.85,,801337,webster financial corp,0,1,0,0,20240130,massiani luis,120919124002411,Chief Operating Officer,male,172021956.0
63306.0,7982.959,801337,webster financial corp,0,1,0,0,20240131,motl christopher j,120919124002475,"President, Commercial Banking",male,172021956.0
,,801337,webster financial corp,1,1,0,0,20240201,kopnisky jack l,120919124002553,Exec. Chair. Company & Bank,male,172021956.0
88101.85,,801337,webster financial corp,0,1,0,0,20240202,massiani luis,120919124002633,President and COO,male,172021956.0
165276.0,,801337,webster financial corp,0,1,0,0,20240202,macinnes glenn i,120919124002635,Chief Financial Officer,male,172021956.0
62796.0,7982.959,801337,webster financial corp,0,1,0,0,20240202,motl christopher j,120919124002637,"President, Commercial Banking",male,172021956.0
237656.0,15485.124,801337,webster financial corp,1,1,0,0,20240202,ciulla john r,120919124002631,Chairman and CEO,male,172021956.0
85878.85,,801337,webster financial corp,,1,,,20240209,massiani luis,143774924003627,President and COO,male,172021956.0
29354.112,,801337,webster financial corp,,1,,,20240209,evans javier l.,143774924003633,Chief Human Resources Officer,male,172021956.0
13296.9998,5112.641,801337,webster financial corp,,1,,,20240209,griffin james mi,143774924003635,Head of Consumer Banking,male,172021956.0
6499.0,,801337,webster financial corp,,1,,,20240209,weidner marissa,143774924003637,Chief Corp. Resp. Officer,female,172021956.0
20356.0,1671.0,801337,webster financial corp,,1,,,20240229,soto jason a.,143774924006096,Chief Credit Officer,male,172021956.0
53135.0,,801337,webster financial corp,,1,,,20240304,wilkins charles l,143774924006477,Head of HSA Bank,male,172021956.0
30973.0,,801337,webster financial corp,,1,,,20240304,bley daniel,143774924006471,Chief Risk Officer,male,172021956.0
73528.0,7982.959,801337,webster financial corp,,1,,,20240304,motl christopher j,143774924006475,President of Comm. Banking,male,172021956.0
100333.85,,801337,webster financial corp,,1,,,20240304,massiani luis,143774924006467,President and COO,male,172021956.0
258379.0,15485.124,801337,webster financial corp,1,1,,,20240304,ciulla john r,143774924006465,President and CEO,male,172021956.0
15287.0,,801337,webster financial corp,,1,,,20240304,wang albert jen-wen,143774924006496,Chief Accounting Officer,male,172021956.0
7714.271,,801337,webster financial corp,,1,,,20240304,krynick benjamin l.,143774924006494,Head of Bank Operations,male,172021956.0
16825.0,,801337,webster financial corp,,1,,,20240304,berner kristy,143774924006462,"EVP, GC & Corp Sec",female,172021956.0
15967.0,,801337,webster financial corp,,1,,,20240304,cieslik elzbieta,143774924006489,EVP & CAO of Bank,male,172021956.0
8346.0,,801337,webster financial corp,,1,,,20240304,weidner marissa,143774924006492,Chief Corp. Resp. Officer,female,172021956.0
23998.0,1671.0,801337,webster financial corp,,1,,,20240304,soto jason a.,143774924006482,Chief Credit Officer,male,172021956.0
16640.9998,5112.641,801337,webster financial corp,,1,,,20240304,griffin james mi,143774924006485,Head of Consumer Banking,male,172021956.0
32794.112,,801337,webster financial corp,,1,,,20240304,evans javier l.,143774924006480,Chief Human Resources Officer,male,172021956.0
16507.4595,,801337,webster financial corp,,1,,,20240304,nafde vikram a.,143774924006487,Chief Information Officer,male,172021956.0
171722.0,,801337,webster financial corp,,1,,,20240304,macinnes glenn i,143774924006473,Chief Financial Officer,male,172021956.0
23091.0,1671.0,801337,webster financial corp,,1,,,20240306,soto jason a.,143774924006824,Chief Credit Officer,male,172021956.0
59647.0,8357.476,801337,webster financial corp,,1,,,20240313,motl christopher j,143774924007625,President of Comm. Banking,male,172021956.0
15440.0,5177.548,801337,webster financial corp,,1,,,20240313,griffin james mi,143774924007630,Head of Consumer Banking,male,172021956.0
11866.0,,801337,webster financial corp,1,,,,20240425,aboelnaga mona,143774924013220,,female,172021956.0
9149.0,13666.0,801337,webster financial corp,1,,,,20240425,whiston william e.,143774924013259,,male,172021956.0
45521.0,,801337,webster financial corp,1,,,,20240425,atwell william l,143774924013225,,male,172021956.0
22848.866,,801337,webster financial corp,1,,,,20240425,cahill john p.,143774924013230,,male,172021956.0
15013.0,,801337,webster financial corp,1,,,,20240425,hayles carol,143774924013238,,female,172021956.0
13259.0,,801337,webster financial corp,1,,,,20240425,mitchell maureen,143774924013240,,female,172021956.0
44411.6976,,801337,webster financial corp,1,,,,20240425,morse laurence c,143774924013243,,female,172021956.0
34976.0,,801337,webster financial corp,1,,,,20240425,o'toole richard l.,143774924013254,,male,172021956.0
37280.0,,801337,webster financial corp,1,,,,20240425,pettie mark,143774924013256,,male,172021956.0
16923.0,,801337,webster financial corp,1,,,,20240425,states lauren,143774924013257,,female,172021956.0
28693.0,,801337,webster financial corp,,1,,,20240502,bley daniel,143774924014365,Chief Risk Officer,male,172021956.0
245049.0,15485.124,801337,webster financial corp,1,1,,,20240507,ciulla john r,143774924015073,President and CEO,male,171486534.0
167362.0,,801337,webster financial corp,,1,,,20240507,macinnes glenn i,143774924015076,Chief Financial Officer,male,171486534.0
55491.0,8357.476,801337,webster financial corp,,1,,,20240507,motl christopher j,143774924015077,President of Comm. Banking,male,171486534.0
50157.0,,801337,webster financial corp,,1,,,20240507,wilkins charles l,143774924015079,Head of HSA Bank,male,171486534.0
26490.0,,801337,webster financial corp,,1,,,20240507,bley daniel,143774924015071,Chief Risk Officer,male,171486534.0
15160.0,,801337,webster financial corp,,1,,,20240507,cieslik elzbieta,143774924015082,EVP & CAO of Bank,male,171486534.0
22189.0,1671.0,801337,webster financial corp,,1,,,20240507,soto jason a.,143774924015093,Chief Credit Officer,male,171486534.0
15536.4595,,801337,webster financial corp,,1,,,20240507,nafde vikram a.,143774924015091,Chief Information Officer,male,171486534.0
14683.0,,801337,webster financial corp,,1,,,20240507,wang albert jen-wen,143774924015095,Chief Accounting Officer,male,171486534.0
7450.271,,801337,webster financial corp,,1,,,20240507,krynick benjamin l.,143774924015088,Head of Bank Operations,male,171486534.0
9666.0,,801337,webster financial corp,1,,,,20240510,whiston william e.,143774924015999,,male,171486534.0
25992.0,,801337,webster financial corp,,1,,,20240605,bley daniel,143774924019324,Chief Risk Officer,male,171486534.0
18273.0,,801337,webster financial corp,,1,,,20240705,wang albert jen-wen,143774924022248,Chief Accounting Officer,male,171486534.0
237049.0,16351.505,801337,webster financial corp,,1,,,20240717,ciulla john r,143774924022912,Chairman and CEO,male,171486534.0
2448.0,,801337,webster financial corp,1,,,,20240717,haas william david,143774924022914,,male,171486534.0
20539.0,1671.0,801337,webster financial corp,,1,,,20240726,soto jason a.,143774924023604,Chief Credit Officer,male,171486534.0
15714.0,,801337,webster financial corp,,1,,,20240729,holland william neal,143774924023736,EVP,male,171486534.0
22992.0,,801337,webster financial corp,,1,,,20240729,bley daniel,143774924023737,Chief Risk Officer,male,171486534.0
45157.0,,801337,webster financial corp,,1,,,20240729,wilkins charles l,143774924023738,Head of HSA Bank,male,171486534.0
,,801337,webster financial corp,,1,,,20240808,macinnes glenn i,143774924025588,Chief Financial Officer,male,171426372.0
38657.0,,801337,webster financial corp,,1,,,20240910,wilkins charles l,143774924028856,Head of HSA Bank,male,171426372.0
32025.0,,801337,webster financial corp,1,,,,20240912,morse laurence c,143774924029053,,female,171426372.0
229049.0,16351.505,801337,webster financial corp,,1,,,20240920,ciulla john r,143774924029742,Chairman and CEO,male,171426372.0
15552.0,,801337,webster financial corp,,1,,,20240930,berner kristy,143774924030268,"EVP, GC & Corp Sec",female,171426372.0
19529.0,,801337,webster financial corp,,1,,,20241022,bley daniel,143774924031779,Chief Risk Officer,male,171426372.0
14273.0,,801337,webster financial corp,,1,,,20241022,wang albert jen-wen,143774924031778,Chief Accounting Officer,male,171426372.0
32780.0,,801337,webster financial corp,1,,,,20241023,pettie mark,143774924031888,,male,171426372.0
16673.0,,801337,webster financial corp,1,,,,20241025,states lauren,143774924032127,,female,171426372.0
22657.0,,801337,webster financial corp,,1,,,20241107,evans javier l.,143774924033923,Chief Human Resources Officer,male,171410365.0
12883.0,5177.548,801337,webster financial corp,,1,,,20241107,griffin james mi,143774924033920,Head of Consumer Banking,male,171410365.0
49491.0,8357.476,801337,webster financial corp,,1,,,20241107,motl christopher j,143774924033918,"President, Commercial Banking",male,171410365.0
17779.0,,801337,webster financial corp,,1,,,20241107,bley daniel,143774924033916,Chief Risk Officer,male,171410365.0
15023.0,,801337,webster financial corp,1,,,,20241119,states lauren,143774924035733,,female,171410365.0
33657.0,,801337,webster financial corp,,1,,,20241120,wilkins charles l,143774924035864,Head of HSA Bank,male,171410365.0
218924.0,16351.505,801337,webster financial corp,,1,,,20241121,ciulla john r,143774924035952,Chairman and CEO,male,171410365.0
11273.0,5177.548,801337,webster financial corp,,1,,,20241127,griffin james mi,143774924036336,Head of Consumer Banking,male,171410365.0
16779.0,,801337,webster financial corp,,1,,,20241203,bley daniel,143774924036541,Chief Risk Officer,male,171410365.0
